0 0 0 0 0 0 0 0 0 0 0 0 0 0 0 0 0 0 0 0 0 0 0 0 0 0 0 0 0 0 0 0 0 0 0 0 0 0 0 0 0 0 0 0 0 0 0 0 0 0 0 0 0 0 0 0 0 0 0 0 0 0 0 0 0 0 0 0 0 0 0 0 0 0 0 0 0 0 0 0 0 0 0 0 0 0 0 0 0 0 0 0 0 0 0 0 0 0 0 0 
0 0 0 0 0 0 0 0 0 0 0 0 0 0 0 0 0 0 0 0 0 0 0 0 0 0 0 0 0 0 0 0 0 0 0 0 0 0 0 0 0 0 0 0 0 0 0 0 0 0 0 0 0 0 0 0 0 0 0 0 0 0 0 0 0 0 0 0 0 0 0 0 0 0 0 0 0 0 0 0 0 0 0 0 0 0 0 0 0 0 0 0 0 0 0 0 0 0 0 0 
0 0 0 0 0 1 0 0 0 0 0 0 0 0 0 0 0 0 0 1 0 0 0 0 0 0 0 0 0 0 0 0 0 1 0 0 1 0 0 1 0 0 0 1 0 0 0 1 0 0 0 0 1 0 0 0 0 0 1 1 1 0 0 0 0 0 0 0 0 0 0 0 1 0 0 0 1 0 0 0 0 0 0 0 1 0 0 0 0 0 0 0 0 0 0 0 0 0 0 0 
4 0 0 0 2 0 2 0 0 2 0 0 0 0 0 1 0 0 0 0 1 0 0 0 0 2 0 0 0 1 1 0 0 0 0 2 0 0 0 0 0 0 0 0 0 0 1 0 0 0 0 0 2 1 0 0 2 0 0 0 7 0 0 1 0 0 0 0 1 0 0 0 1 0 1 0 0 0 0 0 0 0 0 0 1 0 0 3 3 0 0 0 0 0 1 0 0 2 0 0 
0 0 0 0 1 1 0 3 0 9 0 1 0 0 2 4 0 1 0 4 0 1 0 0 1 4 0 0 1 3 3 0 0 0 5 2 8 0 0 0 6 0 0 0 0 0 1 1 0 1 0 2 0 1 0 2 0 1 0 0 0 0 1 0 0 0 1 0 0 0 1 2 1 0 0 0 4 5 2 0 0 0 0 1 0 0 0 0 0 0 0 1 0 7 4 0 1 0 0 0 
2 3 3 0 1 0 4 0 2 0 5 7 6 4 7 0 2 0 1 0 0 2 7 0 0 0 0 0 0 0 2 0 2 0 0 0 0 13 1 1 2 3 0 3 0 4 0 13 0 0 0 5 3 0 1 7 0 0 0 6 0 0 2 0 0 0 2 3 15 4 0 8 0 2 0 0 1 3 0 0 2 0 1 0 2 0 13 0 0 0 1 2 6 1 1 0 0 7 1 0 
5 0 0 7 0 0 0 14 5 0 0 9 8 10 4 7 7 0 0 2 0 0 1 2 0 0 1 3 3 3 1 15 0 0 0 5 1 0 7 0 21 1 9 0 0 2 7 13 4 0 0 4 0 0 0 0 9 0 1 0 0 0 0 2 1 0 1 6 3 9 0 4 4 5 22 0 8 8 0 3 40 0 1 0 0 1 0 0 3 2 0 1 0 0 0 3 0 5 0 0 
0 0 14 0 0 0 1 6 0 19 0 0 0 0 0 1 0 7 0 0 0 0 0 1 2 0 1 0 1 4 7 6 7 0 2 0 1 0 8 0 0 18 0 43 1 0 7 5 1 9 0 0 7 13 1 0 13 16 23 0 0 15 8 0 0 0 1 0 8 6 33 0 1 0 0 0 3 0 0 0 5 7 3 20 4 0 20 0 7 1 1 2 2 1 2 4 6 1 0 0 
0 0 0 3 12 10 13 8 8 0 3 6 0 9 0 8 14 32 0 1 0 19 5 0 2 4 7 5 0 8 5 0 1 1 0 17 22 1 39 0 1 11 8 1 0 0 1 3 27 4 36 0 7 10 14 1 40 20 0 1 0 2 4 11 31 4 0 0 0 0 25 0 5 0 0 0 0 0 12 2 0 10 2 7 0 0 6 3 0 0 8 3 2 0 7 6 17 0 1 2 
1 0 15 0 2 12 2 5 0 17 0 0 5 0 18 9 0 0 7 2 0 0 40 0 13 14 0 53 0 45 45 0 2 16 0 0 10 11 0 3 0 36 0 0 0 4 3 8 11 0 5 1 5 26 44 0 0 4 13 11 40 3 13 6 2 1 2 0 4 0 8 12 5 6 1 9 0 0 31 1 0 0 0 49 1 23 9 15 0 6 23 3 8 14 0 3 0 2 1 14 
2 12 6 0 49 0 4 46 6 9 0 1 1 2 25 19 0 8 0 0 43 1 0 0 6 0 28 50 29 26 21 1 68 0 5 10 0 0 99 13 6 25 12 24 3 0 0 2 0 0 20 4 0 0 39 11 0 12 3 0 4 4 0 0 0 3 63 29 0 0 0 9 11 2 17 0 0 7 2 34 8 0 3 39 43 0 0 6 0 0 9 43 18 26 7 0 24 0 5 0 
4 0 0 0 5 0 33 0 0 1 5 3 70 11 0 5 8 27 11 13 5 32 1 18 10 6 4 0 0 44 0 44 32 0 114 0 0 19 22 0 0 8 5 0 7 25 0 22 0 52 35 32 5 0 0 28 0 27 0 2 0 4 10 12 5 0 6 4 41 66 24 1 0 0 75 2 48 1 0 0 0 8 0 29 0 40 7 7 15 30 3 98 14 3 6 26 0 39 2 45 
8 2 6 0 0 0 31 39 20 12 1 0 0 2 43 6 103 4 1 50 20 48 0 0 0 0 0 15 5 15 28 0 4 121 1 140 10 0 3 69 5 4 24 0 1 52 0 58 30 2 1 62 0 5 0 0 31 0 1 2 6 0 0 0 51 221 0 24 39 0 7 0 16 3 9 0 5 6 3 0 6 1 5 41 0 18 8 1 0 0 0 0 0 0 59 3 13 9 0 24 
3 32 47 6 2 0 22 27 82 7 0 0 0 15 21 5 1 0 0 4 58 6 31 40 0 48 64 20 6 0 47 0 0 1 0 70 19 16 0 27 1 0 8 17 9 3 69 6 0 9 0 1 24 0 20 0 3 0 0 3 12 0 14 0 0 6 29 79 31 17 1 1 0 26 104 1 55 5 13 3 37 16 9 35 9 58 97 8 9 2 67 1 0 47 19 21 16 2 0 44 
13 2 0 0 8 1 51 100 6 0 0 20 0 4 4 0 10 18 1 97 14 8 0 11 3 3 54 3 95 21 1 1 8 0 109 24 33 64 0 0 41 2 46 0 19 0 21 0 27 8 28 18 46 0 3 22 0 45 17 0 0 6 49 0 41 20 0 67 48 2 36 0 1 7 77 2 10 35 0 21 52 0 76 6 51 0 0 45 4 27 115 103 0 0 4 94 66 37 18 11 
16 0 5 126 0 1 12 0 10 53 40 64 103 6 25 0 5 0 7 48 15 1 22 47 8 51 48 63 43 10 0 0 53 2 2 75 52 95 9 3 133 69 99 38 4 2 22 11 55 59 149 0 32 61 0 23 2 0 188 0 45 58 9 2 0 56 58 0 60 1 0 53 6 0 7 38 59 2 2 2 6 45 0 107 18 17 55 0 52 16 31 41 26 40 22 0 33 76 12 0 
0 75 66 0 205 4 13 0 2 9 2 0 0 49 4 0 21 5 110 0 11 197 3 0 78 14 11 0 23 29 3 17 39 1 0 3 32 2 10 10 15 57 72 0 44 39 65 84 0 96 3 11 19 48 9 52 0 6 15 0 1 4 10 0 26 1 63 0 4 60 12 0 3 0 32 0 0 23 95 1 8 3 14 10 51 2 0 29 0 189 12 29 0 44 15 28 20 139 379 0 
0 179 40 33 28 5 79 21 4 0 11 188 1 101 0 17 35 14 0 59 128 37 0 3 9 4 0 3 13 46 45 0 36 28 9 10 47 75 0 12 0 3 112 0 0 12 1 141 232 0 39 123 0 68 11 126 5 28 0 1 0 1 21 51 19 68 1 8 11 1 6 0 114 65 0 0 1 7 1 64 58 40 0 0 4 12 0 0 57 48 0 0 0 97 4 25 0 154 26 0 
0 123 2 0 0 0 88 8 3 7 32 77 10 25 1 54 34 21 7 3 182 26 0 1 19 0 21 156 0 7 29 18 5 196 9 49 54 50 243 4 69 47 24 0 88 79 103 11 41 29 107 44 32 147 0 0 23 0 127 183 14 7 15 2 20 0 101 0 98 24 1 4 83 33 17 37 12 21 0 19 1 59 94 140 0 2 60 24 1 17 6 25 0 158 2 122 0 83 54 119 
6 105 0 46 15 6 0 0 48 38 1 1 1 16 100 50 41 232 169 1 24 25 11 80 156 1 0 6 7 1 169 129 48 0 36 9 1 3 1 7 6 94 1 6 0 167 44 6 39 40 10 51 39 32 1 0 0 0 0 0 21 0 23 198 0 85 7 89 108 0 0 33 48 62 9 19 18 22 0 28 255 125 0 91 2 47 135 58 3 3 0 156 13 28 0 102 35 190 46 46 
0 5 144 1 52 0 102 206 18 85 52 18 31 0 4 21 0 96 179 0 1 79 121 4 64 58 6 12 0 0 5 42 28 22 42 9 64 85 0 6 0 1 0 18 0 5 15 11 48 19 36 157 8 33 0 0 9 1 3 152 34 0 12 21 17 38 1 5 3 0 96 12 161 110 0 7 117 1 8 169 16 2 8 11 212 43 62 0 238 91 14 20 115 10 184 36 274 58 1 141 
1 0 1 309 2 5 3 0 85 26 30 8 106 0 42 5 3 2 26 18 0 42 0 0 14 57 0 56 0 15 0 109 155 206 20 3 125 40 89 29 0 27 13 5 112 238 31 2 147 184 31 75 9 73 20 73 5 1 37 10 11 4 14 0 256 13 1 12 0 244 103 36 16 0 9 201 0 39 32 58 0 40 1 8 5 125 34 90 14 1 7 125 0 3 0 4 42 87 94 87 
3 190 256 0 10 21 48 0 2 59 24 361 47 0 0 169 5 0 166 0 0 158 100 0 6 6 21 83 0 266 14 180 76 18 24 160 13 84 0 0 62 108 13 2 0 0 0 111 65 88 18 2 6 40 160 98 140 13 152 0 14 183 20 10 100 10 0 0 180 35 78 208 36 52 22 448 10 52 260 0 639 340 161 0 0 1 0 354 24 9 149 24 1 37 9 16 0 9 109 109 
0 45 10 468 128 126 23 118 0 67 18 179 3 63 88 31 27 8 104 3 131 511 239 213 193 1 219 23 0 55 0 0 0 386 67 45 38 22 27 0 1 1 0 4 188 166 224 109 2 7 7 195 12 2 107 338 371 1 3 0 33 195 75 0 46 2 88 18 133 122 13 43 22 139 4 123 27 157 0 58 28 70 16 2 64 0 45 26 3 8 8 0 7 42 33 28 5 0 2 37 
121 0 71 13 5 85 128 1 5 4 3 0 1 0 158 4 19 149 1 22 65 102 1 7 16 25 0 75 488 196 286 0 64 15 11 3 104 0 32 214 72 0 10 123 0 6 1 0 13 76 198 425 84 56 73 148 29 0 7 12 132 0 333 133 36 10 268 116 1 2 32 32 18 0 28 12 26 42 36 0 35 1 0 0 167 4 173 48 0 47 17 282 0 120 87 0 206 63 241 6 
53 2 0 10 0 14 28 1 168 31 0 0 0 0 213 125 74 55 1 282 287 172 48 49 71 1 74 209 352 53 10 109 206 67 96 0 0 5 89 147 0 10 0 191 0 355 2 19 39 360 372 281 300 9 41 305 0 0 11 5 203 20 153 401 3 388 3 144 22 51 434 405 29 53 15 15 10 148 10 1 249 20 2 101 152 231 89 23 3 28 2 107 158 147 160 66 0 37 340 1 
0 82 0 158 7 30 2 0 87 179 104 37 42 78 10 638 13 1 0 33 259 32 510 0 49 170 6 39 194 6 36 458 0 52 18 0 149 6 0 18 4 0 119 244 2 1 0 42 191 172 26 15 1 100 8 0 0 208 298 253 318 16 33 120 73 139 44 94 0 1 54 12 369 321 158 33 373 12 88 0 5 113 0 0 120 105 129 0 2 113 13 162 23 119 83 264 259 250 164 10 
21 25 59 1 4 343 217 68 184 199 0 108 5 275 36 427 245 9 0 10 203 4 17 59 0 75 3 10 2 8 24 317 5 1 2 0 103 80 5 429 73 105 14 3 21 14 437 128 0 0 1 277 404 11 101 97 2 248 114 0 42 8 13 0 2 1 4 15 0 347 569 6 41 0 1 1 40 38 14 288 14 23 0 7 65 405 175 19 67 162 88 1 204 427 2 0 21 26 165 183 
128 0 0 0 149 94 3 71 2 48 0 21 53 247 75 108 95 66 13 18 60 12 514 0 60 205 195 0 125 0 0 95 59 114 1 49 24 331 56 128 156 21 100 131 28 33 220 2 0 12 172 260 2 101 21 19 297 0 2 6 0 38 106 0 410 183 223 126 412 156 0 105 515 3 43 69 0 2 85 30 1 987 196 163 13 21 28 17 63 0 104 228 0 105 0 46 248 0 99 45 
302 45 57 98 176 34 29 15 4 212 325 14 1 89 324 9 655 9 0 48 0 103 0 57 33 237 52 37 105 99 434 301 2 222 115 57 0 16 104 0 23 11 43 0 121 422 26 24 447 288 411 0 97 42 2 75 1 0 237 5 0 0 3 11 202 100 0 46 0 252 74 9 57 186 245 40 9 193 169 180 61 396 48 652 356 41 5 2 25 501 0 77 79 168 147 224 6 17 423 4 
1077 1 38 0 61 284 268 388 9 159 224 3 2 81 498 1 52 119 10 17 6 118 138 0 15 12 28 1 3 21 6 171 77 8 155 37 104 0 25 227 26 12 0 201 5 160 490 80 100 0 4 0 21 4 105 22 0 32 116 245 1 48 3 138 287 355 193 4 590 276 129 0 82 14 328 41 117 683 72 0 106 0 0 19 0 12 19 7 59 80 126 4 9 133 320 48 0 0 69 85 
148 0 15 120 94 0 64 1 82 0 0 2 5 77 0 119 18 87 14 45 7 6 131 70 0 53 359 5 30 102 14 120 185 80 1 477 6 0 0 357 0 1 33 63 12 45 2 31 174 0 518 515 589 420 0 107 28 2 0 0 29 0 691 7 113 37 732 344 411 0 2 22 0 0 15 121 4 94 192 7 43 289 4 32 0 184 56 24 339 5 193 62 30 75 834 0 85 96 0 1060 
58 26 6 73 1065 58 103 53 0 202 10 58 257 11 145 0 15 96 25 171 160 100 1 1 0 1 33 157 243 0 208 352 25 0 1 28 3 276 2 22 11 6 275 21 0 248 0 103 75 0 0 40 127 148 356 36 265 31 147 288 83 64 35 437 613 139 301 6 75 59 51 0 33 0 0 0 10 238 50 34 0 636 23 168 20 198 107 137 233 53 23 6 47 133 18 122 175 0 191 41 
101 385 10 7 76 139 712 160 279 27 523 3 306 0 2 85 74 2 8 974 0 130 0 80 287 3 67 122 279 326 326 716 167 730 0 156 81 33 197 171 497 4 26 33 572 209 72 389 194 135 33 22 575 112 141 7 21 28 80 130 192 27 34 41 155 314 26 52 14 88 23 3 919 0 23 40 12 96 242 219 270 92 107 43 278 79 271 0 60 158 156 311 15 192 75 0 202 15 66 167 
107 14 0 149 179 231 474 40 162 0 117 5 11 2 271 154 11 10 593 1 237 17 315 784 317 657 7 178 522 42 43 3 952 0 2 568 5 50 41 276 171 2 191 110 297 0 314 88 78 34 20 303 202 235 12 0 478 164 0 29 1085 173 77 98 19 125 51 0 13 465 63 12 781 64 194 173 0 186 70 18 286 7 295 33 166 472 789 0 158 1300 657 505 1 357 262 0 602 7 0 122 
177 24 141 11 26 42 1 146 0 31 457 0 51 39 133 98 95 283 217 23 87 394 49 79 416 44 162 8 73 716 63 449 127 5 23 134 342 3 0 179 207 51 1 85 59 66 0 46 37 3 116 3 44 70 0 422 13 620 0 79 158 3 2 34 39 179 1097 213 30 4 361 0 783 587 39 1150 70 0 5 12 41 0 112 229 227 0 88 370 128 79 531 87 0 0 738 71 209 391 10 161 
4 249 103 243 469 37 147 20 203 719 10 241 368 877 0 158 66 293 12 535 17 68 16 16 408 134 89 435 74 444 332 508 405 24 303 6 205 2 129 490 174 8 182 139 0 19 0 35 40 742 72 0 101 1 329 116 254 0 149 52 49 151 68 152 462 228 97 78 405 936 187 2 1 144 440 82 384 791 0 54 16 379 168 50 96 24 415 0 12 1 785 115 31 3 0 0 17 122 1214 7 
10 23 83 0 34 1045 9 50 363 5 259 1196 13 193 75 50 0 402 33 0 15 137 161 1 27 294 16 267 660 18 0 371 387 91 140 85 418 44 380 500 0 292 312 19 74 43 20 45 3 598 199 370 142 89 7 57 375 24 2 32 92 565 372 10 30 5 592 96 179 1208 13 4 8 0 76 718 8 3 23 7 2 37 0 2 156 230 206 339 38 127 20 14 9 258 150 499 398 6 25 100 
473 2 26 304 0 49 0 358 12 1 2 2 268 593 17 238 38 166 2344 164 308 28 132 181 849 481 381 90 44 1276 2 499 73 227 20 0 369 0 209 33 37 97 6 135 0 103 32 10 15 97 15 68 11 38 307 288 252 3 284 436 548 2 0 0 12 37 244 37 29 0 0 168 103 71 202 62 84 61 36 446 291 712 32 602 4 1 249 257 21 11 504 180 0 504 26 515 56 228 951 42 
3 155 476 168 895 348 209 11 0 447 158 175 8 47 62 48 187 125 7 66 8 891 58 58 21 26 230 0 0 13 217 0 154 145 67 267 16 797 0 7 66 1546 36 5 5 95 4 153 36 419 755 430 1 0 134 108 723 57 69 730 64 29 143 399 205 496 328 285 21 4 105 320 0 106 0 229 343 458 30 1413 0 444 74 401 125 89 44 413 381 72 354 2 288 994 533 0 19 3 44 108 
6 173 992 68 158 14 168 549 225 6 23 13 14 118 6 131 40 222 471 294 0 113 0 20 157 310 71 554 293 16 103 965 14 124 39 350 730 44 51 5 24 151 26 442 12 0 2 55 849 7 0 0 953 230 242 97 0 81 74 8 93 30 28 34 82 10 373 1 3 75 467 111 0 53 193 392 0 7 754 582 3 0 199 238 140 53 16 657 250 439 112 361 11 235 0 303 65 12 16 662 
90 2 6 104 315 82 88 1 19 186 645 275 60 1635 220 184 19 9 14 48 64 17 23 41 12 108 168 14 234 10 968 123 140 910 245 883 5 241 413 786 449 821 56 21 0 30 219 13 482 187 21 1 15 151 4 0 487 450 100 164 1171 30 185 0 23 38 72 312 67 134 708 21 527 12 355 14 0 120 0 1316 106 0 0 2 33 0 125 202 7 56 18 207 79 81 395 654 174 52 310 160 
975 4 0 387 83 0 208 1188 942 175 45 251 248 5 323 219 28 71 97 435 181 74 2 0 0 388 77 44 1 3 165 337 361 2 30 629 96 2 4 0 76 225 490 3 308 194 1 26 20 9 13 286 835 180 733 653 277 45 1 62 588 52 75 127 57 13 883 205 327 476 255 392 289 0 164 96 142 173 575 488 323 458 14 28 553 62 14 535 284 565 247 497 0 192 27 470 0 496 137 528 
335 125 13 3 142 7 1 455 352 118 30 0 13 14 6 15 14 14 469 1618 1412 0 260 0 1035 501 269 193 0 90 155 66 353 107 356 7 0 0 139 170 18 505 31 45 493 99 14 17 0 39 40 105 2 328 29 276 313 10 108 16 352 209 546 18 165 56 2 13 33 200 109 2 1120 1152 531 101 71 186 113 25 47 596 0 115 67 4 13 92 260 68 126 243 9 50 238 111 728 136 100 118 
147 34 183 35 49 635 308 446 54 382 149 4 6 16 8 448 18 0 7 27 10 62 91 155 347 12 345 83 174 249 52 122 134 63 1 114 0 840 82 55 10 386 6 1044 64 5 245 26 0 386 0 109 0 0 7 67 595 170 0 159 9 304 877 563 426 227 86 34 18 41 134 0 200 2 52 384 87 1220 128 458 142 359 2 354 161 373 68 200 0 572 0 325 200 496 78 988 47 55 2 31 
18 63 501 375 107 299 46 454 216 865 566 73 1009 21 131 30 406 49 98 145 12 164 14 11 1276 597 13 54 48 1364 168 579 11 122 682 469 291 579 87 688 92 539 17 119 19 292 8 23 105 281 0 12 104 0 610 0 445 3 310 24 148 33 0 37 341 368 40 262 61 386 2 0 1 1127 246 0 283 480 489 27 568 13 0 67 257 4 39 3 1418 1008 65 120 15 606 89 19 30 5 0 157 
1 612 173 29 13 4 110 144 632 8 0 76 342 0 200 33 18 0 172 1014 335 305 161 377 190 446 80 47 34 6 29 1 6 37 681 532 0 476 129 199 86 21 150 194 104 420 44 180 89 456 3 0 150 22 0 58 52 824 120 35 102 484 26 208 134 76 826 0 98 88 0 8 170 0 253 76 0 1007 1195 473 861 339 3 390 531 183 7 46 557 168 39 0 285 441 315 97 298 330 851 761 
291 23 95 812 410 357 134 4 2130 254 7 497 126 653 52 0 957 1139 67 1 735 776 31 200 0 463 59 124 280 593 204 33 17 111 222 45 25 104 1672 49 1701 104 175 0 2 3 394 1058 518 76 0 130 713 185 43 768 34 110 849 69 916 38 14 446 76 240 118 4 5 11 323 36 2033 314 568 0 30 0 549 211 173 173 97 1 445 810 215 20 37 0 129 2022 526 13 182 14 30 1838 511 4 
340 337 89 117 0 214 2452 339 231 757 735 5 336 0 664 374 37 811 410 2191 0 390 412 43 491 339 634 374 53 24 52 53 80 625 33 963 1005 345 44 1504 1 21 50 76 763 940 472 437 1040 433 42 0 3 177 117 296 69 116 44 4 1 303 727 0 269 630 21 23 262 138 1 65 1884 820 235 246 87 242 825 566 171 42 10 17 713 644 1798 1320 182 48 283 905 393 48 0 59 93 110 594 6 
99 282 92 0 665 145 6 581 0 16 703 1394 66 208 0 28 6 1079 1042 94 14 1297 899 257 843 1110 9 296 329 500 133 49 333 17 441 377 117 16 206 14 0 67 222 129 176 173 312 132 118 5 279 18 599 830 21 229 0 15 209 1370 42 29 106 0 205 178 472 192 26 801 560 26 43 161 90 4 52 74 496 1090 7 48 224 1377 291 130 1262 0 8 1151 140 1941 1335 125 605 27 194 1945 625 5 
335 289 97 45 1018 1119 1161 8 38 537 546 139 515 475 40 1377 150 51 199 347 255 19 1638 378 484 200 231 51 408 110 254 3 81 34 1288 232 269 644 12 150 0 487 75 329 711 48 1222 875 749 7 60 457 30 254 119 2103 2 156 797 299 0 312 25 293 130 164 0 1 58 178 463 528 13 306 473 45 2173 102 532 518 16 0 334 16 145 83 0 26 1076 800 35 119 0 1458 221 841 5 54 7 45 
23 170 879 87 2 100 10 221 96 121 138 39 507 174 413 0 92 12 161 109 254 117 118 165 476 610 0 284 67 870 318 166 5 1265 28 255 220 57 1 64 333 159 150 53 28 2004 589 489 379 839 93 22 81 248 0 44 1 136 877 632 404 761 576 25 127 279 70 156 92 607 96 222 107 1462 57 191 37 190 296 162 0 1215 106 6 82 0 372 561 41 888 38 656 92 71 260 47 21 219 773 16 
11 458 120 25 21 804 347 1649 16 1 319 13 462 13 1183 1231 853 108 66 834 183 47 3 134 44 323 16 51 227 378 22 0 1240 25 314 135 972 44 586 513 25 272 124 94 0 171 422 960 22 349 60 7 325 42 1 64 58 16 665 1193 1 646 498 7 1664 178 193 48 43 6 0 527 270 75 245 0 533 2 27 275 263 157 70 0 162 745 184 154 3 58 181 112 824 178 1399 158 33 270 279 531 
1454 25 112 0 287 347 10 12 12 69 49 57 147 210 1814 20 1804 287 16 0 373 937 219 505 153 2 330 277 166 2 2294 1434 214 1735 54 83 64 308 111 50 215 811 418 54 137 439 432 0 62 270 81 66 210 799 571 189 7 207 0 1103 7 684 230 225 483 80 3 83 1757 131 227 9 1362 109 187 1815 124 1 28 1247 72 9 19 62 1382 831 535 608 22 124 0 67 314 1 310 417 110 353 142 55 
192 2230 275 1164 140 123 2271 255 167 374 490 1 7 493 0 409 0 450 21 176 157 41 744 139 502 8 126 129 204 972 745 0 34 1180 385 660 9 0 1576 123 2838 383 371 0 77 3311 232 10 112 10 97 1080 170 470 42 497 420 157 15 393 11 19 1 448 1 855 6 497 4 398 239 269 90 3 446 614 532 3 178 10 1179 861 472 2 389 5 1146 733 19 382 54 221 77 675 1271 2772 96 899 490 16 
987 184 275 142 649 1040 252 1025 1048 68 298 1 1635 444 12 241 747 32 289 97 79 71 54 137 5 21 333 70 447 1770 1181 167 5 41 1433 154 486 0 29 45 1 4 0 2076 40 105 7 49 846 94 905 667 404 324 27 2 729 26 269 46 765 29 0 99 144 1 55 14 26 236 461 1282 448 535 162 183 536 644 14 373 225 7 570 36 213 502 996 259 259 153 1227 76 255 226 168 0 0 1 306 295 
274 245 279 70 19 185 159 301 4 122 248 1673 136 30 24 18 215 17 73 22 27 1 1360 1155 232 1110 564 206 4 126 87 89 1624 2266 275 0 0 472 1804 199 94 0 126 157 35 15 548 316 582 12 135 265 497 1538 66 132 240 145 495 634 13 72 285 185 58 246 37 3117 530 1906 203 1074 456 467 1103 6 123 7 7 51 13 681 148 448 0 221 142 464 777 25 574 704 595 900 8 554 0 260 1139 0 
0 1088 7 213 368 470 460 1215 198 165 67 0 846 3 1072 424 20 325 2778 1063 0 65 2530 42 96 237 1033 627 3 32 882 2112 1371 279 152 76 8 397 540 577 7 2 105 64 2 560 271 215 1438 1983 1252 240 70 2 0 570 3216 293 0 1834 105 185 149 188 13 168 240 4 474 28 4 26 987 508 166 1467 110 467 2321 432 0 22 629 547 171 50 1404 0 1595 969 596 1310 797 1019 1418 2 695 259 1338 50 
0 2 8 1213 247 16 746 0 591 494 96 24 117 1565 302 187 128 418 499 434 13 299 1129 1275 161 21 1030 30 298 5 1021 365 0 20 58 197 1004 29 431 76 123 109 1473 253 435 392 17 124 798 33 26 3 668 483 79 17 330 0 43 1945 832 394 190 184 0 2124 5 223 7 232 197 2207 178 13 341 0 964 125 525 123 1719 8 85 1 65 389 10 1335 41 8 0 4 197 245 0 187 715 3 47 402 
0 104 71 226 651 822 939 0 28 171 5 12 8 1943 122 362 23 1 151 96 1158 838 120 691 5 835 53 575 107 223 1245 24 131 591 199 2086 37 16 797 546 1096 55 8 618 2973 8 766 955 435 0 796 1305 699 168 359 3 161 276 0 84 30 115 422 611 854 168 429 1701 0 191 241 103 6 2755 11 371 284 84 21 153 1662 3065 992 708 0 167 41 3 1605 0 1342 196 445 335 751 0 33 6 2 410 
75 1330 557 55 578 112 120 1668 970 20 7 13 121 100 582 413 1590 444 0 2 349 838 60 333 838 650 89 373 5 1274 1814 746 339 221 326 674 16 2602 976 11 17 86 195 350 409 156 521 112 4992 1801 167 658 2976 199 33 394 1307 1029 1 8 192 322 500 1002 131 1249 58 894 611 648 3 201 2530 433 1315 783 0 93 606 94 1077 1864 0 1524 340 15 1797 137 6 2023 150 115 118 612 680 28 812 155 20 524 
1886 1202 258 13 842 576 348 305 1286 754 336 506 115 11 0 175 0 799 1458 757 316 0 1112 1 691 4 0 0 1189 1678 149 7 92 1381 26 261 619 1616 540 117 0 50 0 4115 28 1386 261 363 53 12 920 319 2 836 716 727 1706 224 16 15 123 2527 766 73 7 465 1477 2287 79 0 67 23 1613 1 1769 232 1 297 741 87 238 65 91 0 416 328 0 623 225 2689 987 123 1074 83 59 297 679 337 41 49 
707 1 163 0 5 1793 7 662 2 580 256 0 0 213 7 9 3437 692 650 115 161 1126 18 68 726 220 227 44 0 192 277 666 332 485 1048 470 441 874 457 1042 1594 80 558 161 0 10 703 1031 0 218 476 1076 729 200 914 331 128 712 906 199 376 51 1204 607 1854 649 61 157 3 127 593 627 809 543 803 2 2299 104 267 1618 77 12 212 289 30 29 1549 1319 1064 502 8 476 598 10 694 37 38 30 0 935 
450 493 34 1383 19 4012 31 700 32 1899 1503 874 4 3760 0 297 7 186 37 265 1720 143 4251 12 972 11 58 511 1890 3370 24 67 2 2729 161 683 1079 863 2084 40 444 93 751 254 344 1999 823 93 868 19 5 62 1 167 38 171 910 260 310 1003 1840 3 2668 178 753 20 818 3 2800 314 781 581 974 1372 5 413 41 714 897 166 480 270 0 314 49 140 148 42 740 8 779 130 205 380 138 497 351 11 164 0 
78 464 626 53 45 78 432 724 78 2 2 575 73 1596 12 101 243 518 330 94 477 208 1095 132 620 166 351 434 106 404 216 2140 357 0 237 1215 277 115 0 176 800 2592 17 206 1332 1000 0 944 350 2542 10 165 710 543 5 555 75 275 348 741 18 631 518 0 2509 654 535 3334 758 323 119 590 790 1 2 833 3 188 504 10 419 1347 849 0 0 40 2585 641 1029 104 179 220 203 11 236 70 0 401 1168 1 
0 318 351 532 253 92 649 117 277 1329 264 1160 2 0 44 218 325 325 779 183 686 120 114 251 1814 1272 440 659 273 424 2 492 60 1062 100 497 61 0 4291 266 144 276 0 541 1405 8 2 535 4 855 6 318 223 878 0 36 5 30 1641 588 73 24 895 130 512 302 946 160 1872 689 52 1197 26 446 389 4 2756 15 13 2078 38 92 2203 0 115 2354 18 62 266 431 93 113 433 483 194 1178 3217 9 590 2782 
96 30 208 445 8 571 0 381 160 324 1674 1088 920 1818 300 0 403 2953 22 547 1100 896 1737 38 1532 1298 2815 53 8 141 1404 20 1303 0 44 33 363 1659 0 46 99 0 7 13 29 752 853 186 16 158 496 617 387 387 544 343 0 139 35 558 17 2760 952 1733 1666 1912 2124 340 3850 26 77 471 1444 215 898 101 631 1640 28 668 190 1013 400 74 999 971 15 789 4 42 1581 763 740 1048 24 752 2268 460 402 3 
2251 486 342 324 31 0 170 542 250 188 1749 51 439 153 16 25 9 3001 13 2 1554 315 733 15 1626 456 192 0 1664 28 764 997 322 26 207 11 20 10 1329 25 1 157 0 458 1737 40 57 32 1960 2353 1328 2854 578 324 1038 20 465 110 130 97 2420 1355 1147 55 22 716 1605 477 98 36 156 6 87 1455 774 444 0 708 618 691 2108 771 6 12 2180 38 31 3206 2139 254 487 1788 3213 503 28 149 1064 8 1179 240 
1350 2 451 683 526 668 210 0 132 3665 411 3 494 366 36 423 238 88 942 84 546 20 802 63 55 43 287 185 532 47 209 651 0 1177 1154 0 1055 60 500 1852 587 904 1056 1258 8 72 0 0 424 1417 688 0 102 654 556 289 83 1418 675 36 57 423 12 407 452 187 1490 1252 1830 8 0 19 62 692 1655 349 366 616 13 10 185 1085 0 83 79 668 31 48 1474 600 23 622 10 354 2508 6 14 145 19 5 
1321 0 79 1 546 390 12 182 1721 13 860 209 1276 1 153 919 615 17 28 308 4878 7 1321 0 11 27 49 439 1487 3242 222 730 121 68 1409 561 306 1449 282 1156 60 61 421 311 437 314 986 1046 41 363 378 395 1382 1550 44 382 697 533 331 562 622 75 1732 2448 1489 1771 0 2693 427 0 35 1812 10 350 866 0 125 97 0 248 964 40 526 72 579 420 1756 24 223 1 1360 51 0 750 55 7 107 742 94 1101 
38 74 98 103 1117 810 939 1920 364 768 248 134 300 610 20 1409 113 938 43 0 895 594 43 0 146 1730 15 638 213 727 608 541 668 0 506 168 909 839 132 4175 24 2224 82 58 196 229 106 597 887 616 290 38 263 18 196 0 30 285 127 859 11 485 4 87 1295 2363 148 1930 536 0 35 151 0 1407 96 1659 4215 128 144 1082 1650 96 333 20 31 75 313 1495 319 1986 2367 49 2204 421 2308 1642 0 1771 1307 1195 
2202 1467 1560 1557 113 2673 185 37 4879 1052 30 1534 28 49 390 3133 894 51 93 0 625 1947 4097 19 5 607 916 2798 0 36 145 625 621 197 263 26 4 12 9 2560 100 157 0 12 39 1687 601 0 0 244 206 45 626 174 642 292 1312 984 312 106 80 23 590 4 661 357 117 308 164 1987 978 11 209 454 96 1883 1084 78 1507 37 320 542 231 1817 52 12 2441 270 739 415 648 3846 916 147 609 3601 3 128 171 465 
21 37 491 103 2476 427 43 1038 89 156 271 1978 282 1425 2483 675 719 716 770 38 0 1620 444 22 262 0 60 2 59 2411 1678 512 905 118 38 562 53 106 1091 181 537 19 1923 810 619 6 43 1035 593 60 1039 1451 1518 71 2718 166 6 213 0 17 506 14 136 384 845 1700 18 154 3596 33 915 81 37 3 485 297 191 15 768 86 849 5 73 1187 5 3363 390 0 173 20 73 1596 284 2280 127 482 545 2289 5 502 
94 673 2173 234 0 768 756 0 115 139 9 174 2 2342 235 101 1795 359 1296 423 208 2415 687 1179 1647 2490 25 2594 22 1882 283 793 259 43 1322 0 449 828 386 23 28 211 990 7877 82 1497 231 1745 764 2127 176 845 325 1939 0 14 321 3241 140 76 272 411 730 422 2540 1 22 136 1115 0 28 1576 110 2364 937 38 2948 616 220 2250 1243 1052 2454 1537 1230 1371 5188 912 344 369 1562 54 1489 145 0 1215 435 666 0 0 
15 1130 77 1 41 509 147 104 1549 0 1542 430 1152 227 799 265 60 53 203 3483 9 5 392 1804 22 202 114 907 0 3648 4184 1377 443 638 919 625 25 1111 1937 11 78 37 60 1147 1289 1264 375 1610 455 142 306 475 25 748 183 1344 1514 162 1112 23 1492 1269 4836 834 1509 215 2 1313 58 2251 17 3859 91 152 111 2529 1 7 613 78 0 14 586 42 792 333 524 1175 447 3949 1348 1 1740 429 499 162 60 203 213 198 
394 166 832 32 1041 16 172 221 213 24 8 928 267 1661 851 207 50 301 0 486 49 282 2863 1329 338 72 32 485 386 17 1136 1436 146 513 379 0 203 174 585 206 1317 2759 574 291 44 53 57 0 0 1498 0 459 938 3275 2033 5 6151 994 176 0 1631 1485 106 124 269 280 2060 14 700 1506 218 2330 1469 150 1462 1812 244 1268 303 1856 739 3418 446 630 304 173 831 306 1305 80 4442 85 74 79 341 158 94 772 160 886 
1869 1819 50 462 584 10 1681 1569 114 4 2177 48 3317 4421 48 42 1008 687 62 356 3114 518 1505 154 1060 1445 31 444 2 557 0 249 3832 39 646 1 160 720 765 1174 255 0 1007 3035 1968 560 313 54 756 679 123 1 3 193 2386 155 316 1150 4370 44 376 7 19 1312 2672 481 205 312 153 37 4506 34 66 2081 262 442 613 170 142 326 1149 541 2657 0 121 3 2702 675 2116 1140 1221 27 338 63 459 536 0 1119 362 1195 
0 114 357 3 963 1017 34 268 2026 25 58 7 431 357 810 1166 104 109 2365 118 39 96 361 1262 34 22 2732 9 562 7 84 104 596 1111 3 2901 744 1 38 129 2039 610 380 170 2817 955 8 119 1369 128 1531 8 529 20 70 6485 22 717 1495 296 1527 628 0 387 0 924 0 20 93 77 1438 661 1007 106 1628 16 16 3900 1 722 2417 201 2177 0 1126 0 277 3 536 4352 33 51 5 3 2697 395 17 66 0 39 
724 108 468 794 5 0 10 1219 5581 53 202 56 133 1 81 948 353 205 613 0 193 3230 202 3651 173 33 121 2592 29 198 3346 2199 0 1505 2176 841 574 129 1132 906 2087 3904 173 587 14 6603 1592 23 722 417 402 2018 527 2640 1399 120 436 10 186 361 172 5 74 108 715 0 4074 716 833 1374 306 1601 2134 4660 817 818 1329 205 282 29 0 1712 4 1825 260 2790 0 2577 331 933 438 123 346 1 26 1481 124 1281 1 1695 
3664 3096 21 146 51 675 71 26 929 3 126 135 41 249 1463 0 113 1281 334 191 550 27 455 405 2065 122 327 873 1452 456 48 1062 686 1606 206 29 2067 489 1590 1467 85 1887 544 730 36 16 11 3746 1429 320 23 1009 1487 1308 844 87 2076 4118 134 0 358 40 2189 468 72 196 2073 186 1756 0 461 2971 616 2745 469 2 1494 93 14 0 3 2043 1837 3841 5 149 2300 11 448 267 4292 8 1005 605 2257 144 1031 267 1864 1170 
2383 193 3021 1515 611 69 55 3611 417 0 138 27 17 47 50 1439 17 738 3 4387 1571 1142 2838 2719 205 282 831 337 1703 505 766 0 208 1320 696 301 381 398 2026 396 385 2601 1671 8535 0 957 0 2496 458 1440 2688 83 183 109 2151 1294 1281 10 2817 24 151 954 3144 2366 187 17 748 5 1863 0 3081 4 8 540 239 1063 3628 353 3921 2388 123 245 1804 443 61 942 293 82 1 2081 0 342 75 2523 117 170 32 153 1431 64 
3721 430 1156 599 879 3217 16 487 1317 435 466 3180 968 468 166 1558 341 33 1195 941 2810 1119 78 19 254 701 11 147 651 39 261 453 65 1614 0 206 419 0 55 1 116 523 546 185 2 67 0 790 2165 924 4 687 1090 563 65 57 4203 909 760 26 3 85 20 60 352 18 978 595 1 1413 4637 5587 2707 100 152 100 299 273 537 81 1 78 2846 7 578 56 1552 7 429 1482 499 1018 413 2269 2914 1096 1133 1346 1133 991 
59 572 1748 30 1392 175 307 2531 2 321 0 549 5128 917 54 4193 2062 1357 1072 2774 2 10 43 20 16 393 2574 22 219 633 294 100 112 3 282 769 185 92 130 40 301 1288 61 60 1596 37 3161 1576 45 937 2277 467 779 5 146 139 256 341 1562 710 253 1068 5035 238 1460 14 658 1181 884 72 75 0 198 287 117 17 174 155 1337 0 28 327 143 541 77 2036 1380 122 18 235 8 328 1014 63 289 1697 1570 2129 56 1 
598 389 3250 462 3485 1453 348 718 663 0 0 113 481 134 62 271 1695 363 1017 1663 4204 723 21 2583 0 0 2131 31 3028 344 1 1828 1358 636 6145 2801 371 2932 735 1156 2499 759 45 1 88 1620 96 1163 2695 4667 3324 28 177 233 704 4757 1758 178 2336 125 3351 401 14 189 1239 25 3 45 261 33 24 126 47 128 202 90 572 116 1425 942 1048 89 590 323 0 126 25 111 106 14 1039 991 8 3 77 190 1 1192 826 0 
11 81 1024 1554 54 841 1347 35 534 84 341 283 721 3162 191 6888 830 102 529 767 207 8712 7705 1245 1331 268 346 0 17 2196 676 150 35 9248 8 1268 4095 2906 257 1942 1091 89 2723 1810 194 886 465 245 239 1833 217 147 73 0 1261 774 25 299 108 6631 1405 1554 195 317 722 781 2668 2650 0 241 1 239 0 208 2202 238 1066 0 1246 1630 0 360 1054 1224 553 220 1822 18 754 0 8 0 53 183 1989 18 603 331 2047 112 
2710 124 637 1215 512 429 0 130 1035 386 155 933 1420 5323 23 608 846 727 1953 0 697 642 235 142 635 2284 1404 983 2621 338 791 870 818 712 842 96 1013 4165 4704 7 1149 12 3 2391 0 115 859 169 828 1404 41 213 69 2227 138 231 4426 1166 1493 101 65 6897 57 1504 48 1918 1019 3478 160 1935 411 1416 220 1937 1559 805 190 1608 2180 285 393 95 820 1580 0 684 93 1996 2224 404 3868 1808 408 1 133 1593 94 1633 162 1400 
159 0 486 1888 388 1805 31 1277 1126 264 1754 10 560 69 2875 338 1933 642 3 159 351 1066 1099 1 1087 330 1346 831 430 2 624 26 1413 66 8 112 2405 3891 1062 238 1 759 1 36 1503 30 3481 2355 1353 5148 1205 6033 1543 1034 7 155 1514 217 86 49 1071 2136 158 37 277 669 0 4382 478 1622 60 144 2581 315 1064 359 899 3455 3999 613 221 91 638 373 826 1368 19 20 75 76 3426 4872 0 438 129 2574 325 51 4 384 
363 925 2311 1093 48 11 2127 0 372 1095 395 363 331 2070 3062 995 153 5139 239 54 35 348 1308 1090 1623 0 31 4 2212 925 21 3095 418 94 687 861 879 604 673 129 2 3651 339 3392 1387 376 2383 0 1578 679 30 460 268 4 0 682 538 2859 555 5785 36 316 0 180 293 154 3937 941 7 344 1395 937 1791 3 479 3389 1720 1967 0 921 127 436 1162 915 2913 10 1469 186 315 1165 7 632 817 63 138 339 7080 722 139 1790 
0 0 3738 3170 28 44 8 729 25 3444 245 437 1619 289 1887 4747 1751 71 650 880 20 237 1 710 416 152 987 29 605 0 3336 1418 1951 663 1719 1987 139 462 994 1113 467 170 1879 406 1349 0 2857 3644 1507 255 1374 141 0 295 1945 67 2163 438 217 5153 1416 1033 764 4314 1500 0 391 51 59 1179 49 2337 5 1861 135 2374 149 396 1839 0 78 236 4 121 822 3012 295 1165 46 1158 881 1188 312 1508 1572 28 113 1 4954 1493 
120 113 767 733 826 0 1 61 56 47 315 1633 1657 1736 4488 2547 483 10 396 81 2085 617 338 101 955 3953 983 5 992 890 280 279 23 70 219 763 399 1115 2 1475 27 5 2343 7800 887 2840 2536 1234 8049 0 5443 259 1502 199 88 438 12 231 5833 434 405 513 891 80 237 121 1036 60 2492 279 2731 3754 1 407 28 210 2952 945 38 2818 1691 752 15 171 2110 355 410 1 129 508 139 244 70 1 631 4231 4367 6439 754 90 
5109 518 51 473 0 135 1634 3131 1833 0 234 3803 2442 2090 1748 116 16 4450 195 6763 187 946 873 1740 113 2364 0 863 7 0 207 2146 3205 102 1488 780 0 1332 366 223 903 12 768 2638 2503 1 202 61 43 182 1022 1414 1378 1599 1223 1813 131 2403 10 1986 790 787 1315 714 55 0 1517 2728 3 990 400 3043 77 3790 281 87 1925 167 171 0 2855 432 323 0 516 420 53 296 633 1189 395 54 3692 56 367 2503 289 675 377 595 
220 162 2570 219 56 34 34 28 2695 1447 553 312 152 1108 301 1549 114 625 2969 2935 125 213 366 187 401 161 55 322 28 250 85 0 4505 2 0 4318 2197 347 87 447 93 358 2527 2185 1425 8578 7944 146 620 2547 1922 4956 174 29 995 99 12 388 113 1616 3661 69 597 37 4752 14 220 1708 374 95 152 139 2129 58 958 732 128 359 1172 344 4489 4607 4 117 3094 39 572 7694 46 826 194 19 1359 375 476 40 45 64 248 3075 
263 25 879 6483 336 371 497 1521 498 112 22 0 200 39 1463 834 143 4641 351 1759 91 4093 1667 78 45 0 845 3165 1690 57 90 1138 859 826 5929 1156 1566 12 989 64 267 3689 0 390 756 164 1424 4641 13 103 310 1298 998 1154 6156 715 1363 9 747 156 19 3984 185 1529 10 129 60 0 1760 434 639 67 807 4200 1934 173 64 465 1566 221 899 469 199 14 365 218 1275 40 4824 73 21 959 27 0 907 557 429 2037 231 426 
1490 18 567 2855 22 4020 2675 77 171 324 56 70 452 3859 155 478 4484 169 5361 3986 6359 6 3870 1128 0 710 626 2 2506 2200 1237 1193 0 443 31 8 36 1965 0 2063 1157 560 1294 3438 28 4481 2492 2329 5415 4709 1047 2638 24 93 535 723 1651 1166 1724 42 18 3 3133 4302 8 3418 1214 324 300 168 482 6 5045 10 20 64 2303 184 499 439 27 59 3 2 167 129 182 9 3360 230 319 3983 59 340 209 0 1909 454 786 763 
19 56 49 8626 2308 63 320 5194 3558 976 62 25 968 192 1558 320 1 142 3931 7 0 87 429 2077 3089 2156 5009 3314 2203 794 450 160 71 865 2191 173 241 0 0 22 3055 1811 773 525 12 1282 1195 1303 550 830 116 38 1281 2464 350 1435 385 1170 126 716 398 1833 1345 1 3151 1468 139 1429 156 19 2761 45 627 548 151 881 107 141 8769 23 200 24 73 913 23 435 374 998 96 3123 5137 3 8923 5780 4416 2178 883 2633 163 102 
3205 358 520 130 1188 399 813 873 558 817 1258 1240 1 183 2171 3666 3 2933 4 286 660 224 5 52 2526 3256 17 5797 461 1805 27 498 1950 26 5 11 188 69 1488 3121 2000 731 7 476 2765 301 736 3034 7862 1640 2243 7545 470 1297 35 120 1191 1041 685 2271 307 2487 82 148 10 691 2216 98 5 2743 175 6277 355 5486 4283 1607 1133 0 237 1138 2428 4855 2209 3168 473 2439 726 208 3126 580 301 463 122 2296 173 368 1379 2032 0 323 
184 4790 4 2402 3703 1401 1047 184 1890 255 394 1 2532 1422 0 19 241 1392 3076 414 1478 1833 35 72 10 4237 1181 6046 290 3 1687 84 811 2103 838 341 1574 136 142 873 1 1652 265 6679 392 1380 8225 6320 239 1591 437 975 48 1878 906 630 736 160 714 32 1825 24 7 3017 5381 827 27 1023 647 14 1744 92 2731 1580 92 1562 2046 202 228 268 9269 213 3539 1029 3235 142 637 5 726 6531 1275 359 3105 107 71 2452 3528 1615 2622 613 
455 85 33 124 13 1837 1685 780 33 1555 2385 665 1616 201 109 1577 36 86 5039 617 1695 0 1534 3771 5122 1850 60 989 524 1729 1683 116 615 1404 8595 905 180 2234 35 3983 3985 523 953 6202 89 4076 1240 247 2255 391 576 813 875 1636 303 1942 0 5989 1160 555 170 1215 112 828 771 1449 550 207 665 2471 309 1363 19 99 2746 1684 211 956 1273 1663 2013 79 0 0 1193 332 4633 90 3825 1020 5769 4610 109 5739 6176 549 885 5919 1893 142 
82 3290 1196 58 289 269 0 2924 115 301 1046 1 1575 2203 709 4 65 2873 3694 1967 168 481 5216 2098 138 678 14 292 1060 36 857 1265 114 828 3108 410 0 1 3464 2209 3617 116 4028 434 4391 78 5035 117 128 3351 1504 1649 3155 530 656 2285 0 439 776 5 446 1218 3 174 848 1323 1919 43 7912 452 793 410 34 352 412 93 6511 1552 598 1441 1324 46 5 692 19 2020 218 0 575 36 473 238 2 918 1734 0 2632 1240 3 750 
1223 3436 795 6 2786 4522 7155 366 1972 192 1433 445 1728 4935 55 4 413 1194 157 1579 20 664 3232 130 186 1030 919 7780 41 323 75 614 494 2767 291 1 3416 6000 2126 1046 19 1631 86 1309 1503 306 6390 4966 300 5345 486 640 976 7363 3626 206 359 4746 101 315 657 1173 606 5685 2224 552 684 197 1302 463 2490 208 2951 181 94 886 211 186 836 3655 146 659 80 77 336 661 2863 1076 0 3756 749 105 665 774 35 1103 2981 8 173 5009 
321 161 7 397 1605 78 4810 145 677 2671 1164 20 267 1130 2347 1539 24 529 1912 387 889 4146 1044 604 169 1563 3650 3441 2304 178 31 658 2220 1939 45 2475 23 3275 1386 5690 2111 520 3346 423 433 4059 110 16 3877 2942 302 754 1135 1872 26 419 1709 0 5281 31 1530 4 44 1142 639 194 0 859 1459 842 0 268 8 1219 328 88 841 493 1260 31 622 554 4104 13 1 69 472 405 1394 693 6 33 2452 4 1376 810 52 1891 1315 1391 
3934 920 42 89 760 376 482 9953 2595 798 3446 1919 35 72 6255 479 315 17 4835 1885 0 84 111 554 3652 60 0 786 537 1114 253 1153 421 1039 481 1541 120 975 428 0 782 2761 0 193 3665 177 810 1818 1569 9 183 6845 4013 93 381 85 783 181 92 4 698 3368 4945 86 1879 2979 383 1529 3669 258 80 7394 144 2032 46 19 3941 3065 106 104 7596 477 23 1805 45 120 610 1086 627 1727 464 687 1398 316 19 2125 107 219 146 3891 
543 236 1376 1538 1029 765 534 398 4366 1100 183 50 157 2236 1815 926 91 1003 372 843 1867 134 16 102 7609 3155 5487 95 4 5167 1712 4911 2297 46 75 4088 1271 1237 997 1057 3271 136 944 72 810 740 4392 258 32 334 397 79 0 1295 1476 112 454 2470 1699 4969 64 3448 399 1396 15 7178 590 730 349 2529 991 4 193 503 280 62 32 388 4998 2837 0 75 2343 62 1656 313 348 4805 4498 3984 83 1385 686 625 5658 3624 557 4 3 17879 
3112 643 1416 1178 18 14 5250 46 657 26 761 703 434 2198 3852 630 198 122 1938 640 1625 0 1342 50 275 1450 435 1538 1666 77 26 439 2371 3397 3990 5097 2333 28 60 215 2683 1803 418 1094 2253 36 602 471 0 630 296 0 621 4220 68 860 0 278 466 6 3665 1704 672 2692 5014 234 4150 1221 660 441 46 1935 144 1585 435 38 3941 2 3538 34 369 854 504 1607 1924 75 4794 0 9 318 2774 444 0 1209 823 77 431 1035 25 637 
287 178 1640 467 117 0 1 1070 81 120 1513 4490 26 304 6 287 266 2827 1254 4374 552 0 801 1415 33 74 422 163 1150 15 1069 2061 586 1468 259 6135 1096 59 754 1 5926 7101 2704 920 57 6 3123 688 940 14 1074 5128 4524 5 1 937 192 4724 2 728 1 1028 475 708 34 0 37 1575 0 615 8 3473 518 496 849 6 773 1884 2769 1136 3215 7 1 440 1497 142 552 104 730 3420 2873 767 5474 31 9 1039 5 24 96 2341 
0 3853 979 11021 4 19 420 104 113 1226 194 705 2432 410 4193 85 486 216 789 14 2043 680 3930 114 0 1623 1380 703 187 1579 948 651 3346 376 864 1033 368 722 2980 26 457 6 443 193 900 2031 2080 3895 416 150 2544 0 1633 90 8 0 3037 93 6813 4626 164 5222 1721 208 132 5522 14 2928 1602 22 988 2421 2328 101 70 893 41 1844 9305 662 747 3355 626 92 931 370 4598 4968 74 6956 0 7188 1461 873 0 595 316 2674 786 832 
2437 3427 3852 419 3810 4397 933 647 366 676 405 633 0 14 2034 1479 502 2694 148 3150 1532 0 4760 982 1070 2613 1082 1357 38 1574 36 2044 181 3840 1255 2125 2139 1056 6050 3021 2261 592 765 3919 1008 1065 3032 851 807 4034 2796 174 5354 1812 5937 347 4465 3178 307 330 10 391 1693 1535 19 0 16 771 3481 153 1535 86 637 1767 1098 2979 1006 785 1328 4716 54 0 3 1542 11285 941 3761 623 2043 1589 501 1610 63 77 306 0 84 9791 619 4 
5 5091 348 101 1044 830 434 1181 6732 623 962 20 988 1908 2396 143 2274 57 288 200 144 437 1333 1380 1053 87 1965 244 503 1460 124 5852 4844 9897 2393 4492 0 7 1736 829 2439 34 118 5762 16 1923 1156 1 0 2274 11 1453 999 544 12 0 22 72 2117 600 572 262 617 1918 377 116 1367 2 863 37 1460 221 161 216 1614 249 2045 2309 580 1843 7 1433 533 296 1428 447 914 5843 1500 38 6567 936 415 1464 734 5179 336 3373 941 730 
0 1121 118 58 1667 1617 400 5719 313 250 284 147 697 65 55 4 463 789 2312 35 313 8 2943 454 239 3344 3893 1484 2282 1688 761 639 4519 21 923 5482 3374 3705 451 29 9324 4063 3153 538 3389 689 2943 5898 4060 40 4443 1653 1200 28 3 520 137 181 38 1443 529 1373 59 8447 686 374 509 12 2391 14545 2716 4253 8 808 1369 7531 122 4 3850 1499 1128 150 2702 19 685 305 625 15 462 3909 6063 601 2437 1035 6172 14 370 647 880 3323 
1357 0 1163 287 4878 193 6 199 510 541 341 108 2416 139 35 6472 4761 164 302 6760 644 3544 904 13901 992 30 2019 1730 2195 44 251 47 892 177 1436 18 4951 3636 0 3036 22 10 1 9420 37 3170 348 996 596 1732 26 25 1000 55 150 3624 271 1277 21 8355 3945 2071 5849 41 320 3035 1525 273 624 552 199 1469 1827 3327 0 239 1318 5895 3493 1864 1238 817 914 130 292 758 726 3469 977 2023 1978 304 1323 7 28 2948 622 1858 1194 9 
922 1214 0 74 126 124 58 1890 902 2148 91 3541 7128 3634 215 4471 104 430 463 3787 1333 2281 234 1702 596 530 1384 796 90 1006 3585 10089 120 291 92 655 1579 1466 62 265 961 781 1790 17 1493 1129 4013 4696 6369 2988 3591 6084 2308 1298 401 119 1079 1250 123 224 1761 165 4417 282 1118 0 4437 12 51 4042 25 12 4 0 547 2837 4793 463 707 195 51 126 4752 12 10 730 152 6559 6 1326 173 135 172 2956 81 0 5914 316 20 6116 
1536 2201 788 3988 6481 145 4254 120 3280 2162 1 1740 49 24 6710 8235 6 784 952 101 127 134 2814 4632 47 206 200 3866 0 153 3805 137 1143 987 589 3299 5 4808 5290 1012 413 2708 114 645 7383 951 87 1117 3081 1152 96 0 0 1462 5210 4948 3509 1073 288 333 67 1083 3529 684 320 453 601 155 3445 347 1736 1118 2377 595 3381 249 286 407 1977 364 2081 40 179 7345 8 4 69 347 2 821 178 390 287 1716 3006 744 832 1688 5106 13 
1799 3305 18 3849 1974 1102 986 76 981 2965 1516 73 747 34 657 896 680 625 11 757 1518 5469 330 2005 842 2131 357 4485 1299 3965 713 758 966 6672 31 6615 128 353 62 0 28 2208 8127 4 0 45 423 1531 4963 3498 354 531 3197 453 4797 2798 8035 234 168 0 9 2145 3429 2162 6232 2238 2052 2752 1559 2084 535 15 8 1859 2046 193 2888 1133 24 13 7659 1191 4758 105 127 0 368 290 1817 331 250 6697 861 306 4199 301 1704 2 616 4301 
2056 5419 920 1135 1204 179 10235 137 1745 11550 7806 2 258 256 2505 131 2 363 499 103 1630 986 1 5325 771 3758 1407 3 10 6294 7136 2468 424 276 0 576 1592 921 378 3347 1170 19 1122 0 2083 183 196 1 204 93 2369 5032 2094 666 6447 95 11 2012 37 44 27 1198 85 421 2637 2660 42 1 2 2068 1421 1434 28 2 44 10224 2578 592 1118 821 578 23 42 846 330 1631 58 3661 648 4145 625 1190 396 2651 144 174 200 290 909 2114 
1633 47 5561 24 764 3946 1554 289 67 636 1499 136 1056 139 2143 4397 125 361 1497 325 1 9582 477 1708 5127 92 2895 382 1634 292 617 2012 1323 1481 218 2622 163 551 1262 7129 530 125 1468 5707 1435 1361 6761 510 259 10642 1232 9028 0 2 37 165 13 4785 118 3162 797 538 143 29 0 447 1517 1378 995 3331 609 846 984 348 3209 405 3030 467 2291 5809 12 836 1265 22165 7240 3909 0 173 319 12 5593 4711 575 308 30 6706 505 8593 353 1168 
3710 243 1133 806 5089 412 815 2723 848 122 86 786 2911 4888 0 7 475 962 5677 638 5335 12 560 3 158 4080 356 3483 8050 3 3235 56 243 29 531 2030 2795 563 1459 0 4766 8378 620 2446 134 3 1013 65 1155 176 3713 1071 3210 2978 2751 352 1459 3494 5408 6024 248 1210 858 171 118 938 750 68 3118 513 2525 914 625 360 1221 3546 756 2411 64 7994 12 1814 1704 168 523 4121 15 21 2137 1880 378 628 19 7256 5641 2212 80 2280 6729 56 
399 4505 0 83 213 0 927 631 963 916 348 204 81 13153 4854 99 1339 818 6356 0 961 248 505 4297 601 7687 148 330 10 1514 323 210 1071 23 25 4 397 0 1829 365 54 2898 1637 0 2 5814 4628 2599 332 2 6213 575 918 283 1952 7315 436 6713 12782 665 604 569 3828 3847 1546 5869 132 481 3 4146 135 3 2525 12 2303 15 610 415 2360 466 1160 194 1542 12 2511 2073 623 181 0 14 1499 625 1813 125 2486 1049 1371 3170 2012 1862 
6049 35 4 4297 2999 622 905 3479 17 145 3414 24 1723 0 12354 1793 1138 5523 13 381 582 377 3530 3 143 704 10226 2293 2324 78 1981 170 3629 464 40 974 93 7102 390 1057 3072 2370 673 51 14 9 40 2539 149 360 578 0 4 3667 478 4216 9 810 1453 2035 8 6884 2530 116 273 1497 872 10004 2213 1812 1311 738 825 3102 127 8344 3193 5758 2188 282 743 2054 1836 5 10072 1091 7201 7 26 5908 48 131 206 483 3723 1383 1573 0 0 1470 
728 566 172 1472 0 435 123 437 0 42 5375 732 1147 779 158 3730 94 2344 168 5229 27 2186 1658 284 3492 2586 119 0 285 4889 1148 121 534 2489 6324 3512 3 4 756 6 112 2101 2251 4877 1241 224 1349 13215 218 894 1834 3881 789 2749 8580 128 821 1331 1629 930 27 8 0 1593 3 2051 43 36 0 56 4592 4768 1572 423 1137 57 1948 15 33 1109 400 122 14997 370 454 2867 5006 7 2078 2012 6 7178 715 146 3122 4304 892 1591 448 1631 
197 8213 2504 8620 3931 1728 3115 915 134 12 328 146 1770 2070 7935 433 0 130 3727 268 3489 454 16 2909 296 345 3033 590 11379 10418 2542 3087 791 592 17 726 671 359 2196 45 530 2648 1751 17 6 5199 1539 857 482 1390 2870 37 865 0 218 97 2509 1307 4179 16 1582 5327 502 2 0 1811 1473 1516 531 748 3171 186 38 10334 82 82 141 275 1013 745 3181 30 1600 10216 7 53 617 2483 4280 7 1112 2537 1703 954 112 886 1786 943 4115 734 
2461 286 0 525 3901 876 3678 4057 319 2043 1 15 68 4245 1636 1766 94 13 107 4690 523 4 10540 3901 363 11880 485 6596 405 4862 883 172 967 1583 79 592 5446 1651 54 5885 634 7743 2505 72 0 1380 7394 0 8546 10628 3047 4678 2976 1633 964 36 2160 2441 1716 16 1624 2282 1713 3464 1887 6239 1186 3446 4 198 67 509 609 2361 50 131 646 147 1254 5575 476 379 1612 412 9533 16 2405 291 24 2880 10234 43 2007 1163 209 848 5142 1192 11057 506 
1294 1058 139 2644 603 207 60 93 24 41 16531 1049 852 180 2688 30 1010 29 992 20 665 219 0 1206 400 1 141 781 3535 150 1420 2232 4209 786 29 1035 5124 1971 2 2024 739 63 1806 6439 909 548 11425 2808 2539 1746 1144 98 8056 57 6174 578 241 5494 5267 44 7 176 6979 1264 2717 2955 4 7903 975 402 3300 2105 0 169 0 8289 530 0 91 6664 964 8483 0 3540 0 778 1496 27 2506 997 329 1379 19 537 2504 1196 308 743 9203 677 
2923 29 695 1344 12648 11 500 365 460 392 5880 1541 3045 1003 38 3976 11 346 1905 1299 3801 3863 347 513 2935 188 3914 2253 3798 805 772 14 2945 1845 2923 2630 7512 60 533 1082 615 1195 574 1290 1403 5765 862 8437 1217 435 2870 4115 2079 1328 2174 181 0 684 53 3036 768 3677 5072 3352 2633 1969 213 10 694 161 1837 678 95 7706 1820 13891 3598 294 1699 0 2075 139 5889 6304 377 48 1624 1998 4 106 71 1745 425 2255 8903 26 745 513 2191 4196 
41 1048 2283 1743 209 1863 6125 502 118 1353 768 6909 6133 6420 7 8900 2023 3346 1376 5 237 5271 59 161 134 941 1109 5867 113 175 5 68 239 588 3605 3911 2119 0 1975 437 416 2009 136 390 1025 114 924 4 4788 2884 993 412 4509 266 169 72 487 86 0 239 4192 8696 4347 534 873 1303 4310 890 190 623 26 4781 28 659 455 58 1828 3727 2948 2731 1 4717 2239 2857 479 421 161 8387 850 2662 1340 855 4782 26 4785 407 4267 4653 384 9 
1084 9866 484 2703 2953 160 70 3573 116 4 61 1333 4261 8964 1566 107 2549 1013 1556 0 213 552 7814 1088 209 2087 0 1373 5266 245 6 16923 1579 1053 29 4226 1106 2735 5903 8224 1116 113 192 1033 5329 712 1042 2933 2283 1907 14 3120 0 4 7113 5396 453 904 4676 368 2658 0 748 273 7 2020 435 1834 4586 112 713 153 457 1250 1984 1334 1157 238 2512 0 3364 170 248 30 2 5380 1195 7009 79 2152 2486 8076 3460 3483 1469 4261 313 107 1367 1825 
589 7 4 1524 368 356 1216 2709 1900 2336 292 1009 2734 156 3273 85 3594 5941 25 8645 65 190 1428 1312 4634 1626 767 2144 11 4383 826 637 2503 3300 2184 8037 1299 132 473 35 10639 5067 1021 10296 2642 148 3591 6 2763 2531 5387 1075 1091 1983 0 256 1972 2657 413 17 4092 152 429 2470 173 8395 12 2735 3584 30 1637 3404 67 11 98 890 4421 17 905 5 614 124 392 5 3509 168 296 10199 4102 3086 1818 3624 0 3801 88 14 68 610 407 27 
463 2741 876 1403 1617 61 7 27 1588 3371 3 2970 1857 1335 58 500 931 196 1938 0 7149 975 173 717 0 836 169 6705 63 59 321 610 457 580 0 257 0 2788 11 122 5883 1784 5 445 3615 4641 7156 764 85 206 2856 32 1974 1495 1658 41 3710 21 207 8983 3506 468 8 1093 172 1 726 69 99 4999 4528 2052 1885 2714 0 2805 2116 9981 958 1460 0 300 1864 3295 2687 1356 3022 204 1251 545 2290 462 67 160 37 1965 863 2063 288 628 
338 1803 1397 3554 11552 840 9041 2285 5362 5937 10168 954 234 2911 125 557 5623 4520 653 958 101 46 26 1185 2124 6717 235 4866 1907 34 110 0 65 4012 627 3696 980 2409 5150 321 821 9447 411 163 2790 2184 6989 671 49 1838 4772 1 2803 8996 883 0 5237 333 6586 1056 146 2503 5102 7852 0 45 128 204 10893 1305 11311 1363 671 571 1722 211 471 2394 523 245 37 4831 0 12 629 4 1215 379 1978 149 480 3573 2653 364 2818 2735 1127 5124 2115 84 
4443 2990 4035 655 2476 387 331 4582 0 160 3959 6964 1 2164 196 4 283 821 332 4765 1705 1778 942 10394 7234 1524 1536 1184 1580 261 5294 2722 191 7802 4620 3186 7674 3200 75 264 88 178 6432 1759 191 29 896 3913 3665 271 1151 72 1188 593 2 1947 6616 543 137 9917 2077 1968 2370 604 2130 3935 2086 1493 435 1008 3845 140 4517 8508 3089 320 292 406 1243 76 7 2897 2 1855 49 45 748 429 2179 5536 4317 2410 274 1759 2167 999 392 362 3760 350 
209 5919 233 15107 24 621 86 8746 432 3355 4731 558 55 1279 1721 0 175 35 3437 13 292 1133 6396 281 494 651 4 1155 4555 3276 1103 593 5089 16 1 0 31 0 363 2258 4004 630 2444 1604 770 6185 4689 9876 1730 364 745 1976 585 21729 1014 10361 50 1709 1000 713 2435 2570 7247 1932 1835 2428 1184 0 735 4 2920 3291 3542 13178 4 531 2550 3 2027 185 716 4781 2586 1124 7316 3630 101 380 1947 8791 13 3751 22 5764 78 430 6419 1411 37 572 
89 189 11273 216 4825 3474 908 1476 0 1431 77 18 2419 6760 1123 2239 5659 3 350 124 4397 22 1 7616 2396 2950 6838 2423 4924 5 285 1023 1843 875 857 18 1780 203 1860 1113 6355 1164 712 484 2024 418 1444 3873 5732 5110 1483 3348 510 2360 7665 5171 400 4364 3123 10458 10447 2120 107 907 165 1827 1425 1727 13952 1436 11225 6149 335 5726 1734 4416 567 245 2386 1166 0 681 0 1658 40 5439 1769 50 8098 649 6162 4509 49 210 0 35 2158 5244 4 16 
1 5997 2185 0 2 347 6498 39 15 35 953 767 3453 715 933 1824 0 0 9323 20 76 3034 1 637 83 4813 1752 768 5664 582 9573 940 3430 581 5109 439 792 10386 1460 287 1559 24 9511 2920 1513 256 1055 1018 84 2998 833 491 1504 4659 4372 17 2401 7486 770 2711 758 555 758 1998 261 3458 1464 996 52 3174 225 673 2243 304 4171 796 16206 1322 3489 9 952 849 122 643 1370 1239 13 1763 0 1058 14907 2165 68 3946 693 2509 22 3205 2302 9000 
380 1522 7642 353 99 732 460 115 537 5903 2075 2920 2 613 945 123 564 1083 158 19 780 1373 9877 405 26 107 11940 83 36 1839 4767 5902 6845 5859 4884 1607 130 2294 3217 378 811 1227 1289 75 1977 4446 860 1966 959 669 30 3699 3090 9677 115 5000 566 7070 1637 5127 2091 6191 150 757 3987 3938 865 1724 1174 0 15042 0 1022 1145 130 2304 0 6828 5533 1865 1 52 2049 2324 2 8991 160 196 7 1111 1998 1690 11285 101 765 8102 4022 126 5987 4944 
0 699 1726 1585 2272 8369 7640 539 3317 0 2254 1693 339 650 2955 1049 0 835 355 93 6928 16 4096 11847 3706 4255 374 412 2692 4 842 7 2 1805 80 806 697 1278 8381 9239 2608 2528 242 3618 1790 0 0 9313 3170 4213 0 17711 30 2352 105 4232 4619 67 1832 821 788 14095 1736 161 2626 783 36 152 202 123 8197 12 154 8886 2222 0 26 618 969 236 2355 5355 3004 2140 554 208 1382 2907 398 1154 8095 461 625 1342 59 63 956 25 26 773 
1365 1468 395 2902 208 5 10 5112 2235 71 4169 0 1 3299 6843 4282 2404 7352 2109 4498 6040 1085 1755 909 277 810 4486 34 4229 1475 2370 6241 1429 234 1779 662 4491 173 3622 2758 13 58 2377 1069 3088 4788 52 0 585 3304 2744 1187 13 2 540 2476 2733 541 896 1649 2539 9247 1567 824 13598 201 4959 33 76 1004 2186 510 214 749 1069 630 2278 68 592 0 3137 3111 6301 36 85 81 1 4625 10477 10 4235 6769 2916 1480 7495 11672 524 5606 9075 1 
3528 365 1571 661 644 5438 743 2279 4679 4619 2892 402 12 4297 1200 604 356 3526 676 137 1819 35 4006 77 843 257 153 2494 2751 1253 899 17434 3127 7262 0 2032 276 196 859 874 6227 129 1921 1036 3811 7478 2 769 110 3 6 4651 3709 5 967 928 7945 739 2084 1854 4944 2136 2801 907 6874 7 6518 3859 4662 1564 10813 148 702 3158 92 0 75 40 160 219 1170 129 180 0 121 1874 58 5340 172 13396 3674 1326 292 527 66 486 282 975 0 3442 
3542 2991 3391 268 1032 387 8322 13980 1958 0 291 4124 124 1090 142 2070 3190 1530 3542 476 7189 0 2829 4 3934 4 17 4639 1940 3394 658 477 285 896 3263 2333 454 3 5086 4218 64 10540 134 7779 4354 3485 4009 1883 4767 2328 3971 1849 1039 0 7258 170 4747 141 426 414 3701 3668 1277 2353 0 294 815 97 1527 6404 450 4460 60 135 4727 7835 5371 447 2198 8298 3932 4817 2362 757 6914 526 595 1346 1989 6873 1538 937 43 94 10245 1550 13 2855 3867 5522 
6708 237 1460 1550 26 512 6493 264 842 741 9180 6378 1476 466 12804 39 1039 44 18595 1923 7243 3736 183 874 7716 119 2959 4172 2756 2463 10113 37 2 1932 177 11705 1819 2208 3905 838 1381 482 138 146 4774 4 650 1205 11365 68 9331 662 9447 610 10369 354 626 764 10161 6219 11480 5 1124 9002 6585 0 12 99 295 1030 718 16294 14447 16253 7537 926 19471 396 0 24 487 1270 535 21 600 1970 160 7505 275 2970 189 4027 1313 1595 3401 1490 235 6146 21 8 
64 249 713 5116 8374 929 1685 30 7502 2293 7478 216 1393 749 424 1772 3 2166 4545 16218 3184 1589 21853 574 454 2016 7518 4322 197 2156 884 4435 806 1540 38 19 10689 3822 276 1 4392 117 791 215 4839 115 39 2462 3502 5 74 556 23 37 30 7781 547 7569 904 197 1822 4890 569 18176 14 144 2823 348 1239 3667 2445 9756 6672 14 3938 464 155 0 9991 2856 1387 5854 181 1341 294 258 10539 8731 4783 69 7119 6243 3081 5 7322 187 890 5736 4672 8209 
111 5524 92 14 321 1012 1511 2060 146 1190 1511 10 243 4896 886 7577 67 3675 0 83 2472 509 13409 439 4952 10931 37 1185 0 20937 2369 2874 1 346 20 0 1283 1045 656 4831 63 4512 1043 1082 5599 40 7219 616 7445 699 3065 273 5846 1590 1593 266 5966 3506 1548 13222 4 644 20 6004 185 3708 6453 1408 2427 10042 10645 4040 3198 58 178 0 845 1063 758 757 3846 3652 4410 143 81 21263 31 174 113 988 430 440 1829 4318 0 7521 41 1166 548 3252 
2956 8320 970 382 2172 78 1092 358 1607 196 479 5562 844 3592 2 18 1309 8821 4845 0 883 1758 1147 221 2456 254 12436 3025 12 1712 0 3026 160 150 2116 9807 251 1818 9966 10743 2777 2853 9564 2532 2781 1176 4739 12675 3492 4137 146 953 2595 18 1315 13297 257 2687 1021 11070 400 235 530 763 9956 5163 352 6582 123 74 4211 668 1015 797 49 3335 3632 196 3629 7809 7693 11168 2234 622 0 540 503 8565 2161 263 5 1841 348 299 3437 37 5625 2 2006 9062 
7607 265 257 378 660 175 4140 1561 2887 1586 151 165 5360 0 81 3366 1539 422 3785 7281 2212 1361 1497 11804 4954 2237 133 10638 3693 2834 4327 285 23 504 2238 721 1406 79 490 7532 902 8258 1013 217 6936 2890 1516 882 5596 214 3806 3783 507 220 341 2333 4938 6733 176 79 83 7305 3105 657 6415 54 555 180 341 16 245 533 3538 493 1886 1041 1971 2984 2530 120 179 1373 713 3525 4552 4731 4963 1104 1302 134 750 20 1989 536 135 131 3958 10463 90 96 
1008 27 1559 2111 473 383 1246 1637 2127 376 481 2995 887 8882 91 7758 451 6123 1727 287 261 3553 498 3225 2692 10 6631 5467 0 33 1507 749 306 300 4428 157 1437 3082 1769 4881 0 1 107 3535 6499 136 1919 1641 154 1938 1977 14 3029 5577 6854 20 527 1 1525 705 7414 81 1676 106 2782 9721 693 53 61 3600 3816 1783 70 1076 47 923 1718 0 643 178 521 5958 9596 2448 18712 922 4305 39 8 456 801 1209 1060 0 122 2381 16 5435 218 367 
8203 3917 3757 1196 7167 357 8 375 5298 18 3871 606 19143 287 6 2287 322 11 3408 4926 1944 1740 1800 1 2327 4136 1795 18845 2412 12428 846 2 2126 2817 33 1981 2732 12370 8 1939 76 31 346 21 209 122 187 742 7379 27 639 26 7 21647 15514 3205 70 39 951 278 3031 3630 118 727 3916 270 4459 3650 16391 4051 41 5 36 1334 40 1123 10 884 2395 24 9 730 227 2461 199 482 1672 3084 9095 285 453 6 2924 432 4442 3676 5893 659 6259 6526 
661 1324 1164 2361 851 3651 341 376 1721 6211 1392 1755 170 17 1 12499 2122 20 1218 15 12216 4714 1583 0 7149 3695 93 3 1942 2273 11253 28 29 2814 1340 11820 381 1163 685 1002 415 353 131 5457 191 6137 7730 584 463 0 1829 747 6095 901 8998 1599 6296 47 1731 9762 5008 973 8556 773 1183 9637 1250 879 459 5407 2884 10010 0 69 14318 878 866 9531 65 4709 22 2285 347 335 3954 232 5667 414 12078 2501 35 436 3918 138 2105 1909 605 76 3137 409 
19666 11903 4 1122 1279 3400 3193 2243 41 803 4101 2370 1082 1128 8334 565 7 363 1853 9 1730 17718 2448 3599 8667 849 6347 96 724 299 46 1448 0 1518 1269 69 62 656 7777 4690 2753 270 7214 5818 12 4342 54 1543 4322 694 2135 849 985 3388 331 5601 358 7397 1487 536 1293 523 827 3138 11141 12259 22632 1042 36 101 2156 54 12262 690 733 971 1577 199 295 908 4536 1455 601 1706 344 7099 100 268 3877 702 3328 13 24441 3726 108 10 809 963 1921 542 
171 326 15493 472 7864 914 184 6232 2917 0 717 2796 175 245 1960 1 173 37 13535 3143 5561 4337 9750 959 764 7704 390 48 1452 7164 2 1026 8 594 7 1892 5451 1154 12 42 3425 5414 1935 3779 924 4339 681 44 653 213 559 1 10868 1653 42 11130 14 10637 0 218 28 26 1193 131 2139 3057 54 10 1955 350 4824 6371 276 1692 1629 2 50 378 1070 179 3382 212 738 2 5 0 1611 1103 261 170 1685 5343 3857 1495 5169 344 5817 2236 107 16944 
3577 808 10 7546 2524 246 3993 222 0 1824 1597 67 3254 2996 1543 7439 1030 3285 3 900 80 1148 18799 467 693 1503 9987 190 3233 47 1142 6079 57 5103 3410 5947 4601 576 0 4262 647 2220 298 5273 280 9 3057 14570 321 1458 776 23 239 13 58 463 1 9327 2447 245 35 18 7267 2155 2210 97 17248 250 430 507 13036 7182 6076 1972 490 24 3918 1264 2740 572 1659 7552 735 543 2307 9426 276 6187 1421 434 746 6370 448 5544 3001 5470 377 1340 616 833 
8929 1100 3975 629 232 2596 1506 715 1851 24826 403 576 808 3446 4197 3971 5623 376 10566 3755 280 102 278 2290 1417 5701 1831 1112 4702 941 0 1653 3536 5617 374 5 4521 209 149 5347 3637 272 229 5249 1086 132 3393 235 2797 3466 62 1097 6207 3441 656 10471 7150 44 3624 858 111 6 8252 6840 155 4970 261 17238 44 869 984 342 1335 1543 274 3684 12305 15 83 2112 1438 768 4255 1167 4596 4780 173 11368 1952 643 12704 130 2329 265 3835 725 3412 678 1227 8384 
1746 11376 6208 244 350 743 14057 12385 26 3007 6687 74 49 4055 1824 88 38 587 12177 3968 1386 180 2705 103 18019 9194 2002 341 0 100 5693 1328 3397 9157 1018 11729 104 5545 20 7747 1378 1735 6362 12411 10358 2150 75 418 5285 526 4720 281 0 13327 2741 556 10889 1907 517 112 9402 3062 8813 326 21 4953 9851 50 599 5596 2959 3517 6497 12909 1175 1833 4974 856 1356 14737 1777 22 1621 2223 3 3752 655 11951 4 16630 2844 67 22977 2428 841 2673 7 376 5064 89 
8346 742 4552 0 2112 1517 141 1454 1998 14353 101 2439 3687 83 714 1435 544 3642 14079 6306 12952 203 431 392 5827 1086 15095 3 325 7249 3653 1124 1317 220 3791 1763 58 11 8355 10117 10988 1254 5668 3338 1889 361 4972 595 1580 842 1349 463 1964 471 3753 10592 7075 77 1302 10251 4252 2450 0 197 82 61 8211 1782 5803 7427 7974 8398 5146 2273 17 2777 571 14465 2558 2871 0 4604 9821 17 1185 808 1180 7023 5550 1491 5626 5178 1851 2 25 7546 6479 2979 82 681 
791 11679 5470 1256 10434 1952 1125 1985 7658 397 16210 1448 12212 6228 1567 25 4381 2434 628 159 4035 2744 871 1631 4336 637 0 4261 114 2297 1739 7700 201 7832 706 2025 3565 237 6740 2293 0 54 4131 4132 7115 0 11445 183 468 7138 29 65 659 4 25 2560 7088 7 2977 2967 10450 1516 11339 697 4 1953 1417 11340 0 409 141 459 1 1 207 16 457 1007 6381 770 6216 547 2031 21 361 4369 4447 4006 3217 3561 96 11000 141 8885 170 1686 871 249 1989 12941 
12 14923 2419 97 7875 3319 10005 2609 8 2191 11691 2120 634 1383 152 1799 2021 131 7733 7250 50 1694 23 1636 14435 909 88 3216 213 7 174 53 696 4228 86 550 5836 259 3211 5973 3 32 0 2106 2 2074 2369 22110 10129 2117 2235 1822 13794 5563 4432 13 1912 135 170 9 3449 351 2809 5 3625 5970 2306 1291 8472 1321 500 678 2247 518 31 1 833 0 8354 13050 423 103 8353 18 664 473 5885 6028 3203 814 0 14145 3548 6978 0 7488 979 390 10795 4190 
41 160 193 142 5 857 798 1524 20350 3499 0 5652 17363 1 13517 386 24961 20465 6048 34 1499 460 5472 9566 1813 3777 8288 118 25913 7695 5328 66 6 1029 3 628 85 463 22 5435 6222 13276 3651 7512 1 6596 415 2284 12 1196 592 1232 1686 1548 963 1206 1807 508 228 20 3 93 581 340 89 2032 107 2689 1092 11 1596 2644 207 1749 1591 868 114 10329 5223 19198 87 291 8878 3663 2543 5064 3570 5802 1262 1371 3055 610 143 744 1498 1221 7196 10774 9004 2741 
10677 6 1011 277 1801 10651 628 1763 0 1040 692 4038 537 14797 578 1443 40 462 9 4649 12 4447 1720 183 5095 7966 12506 11132 1 10 432 5894 1327 120 460 8 3911 11912 662 4431 125 2056 244 1673 7741 24 0 29 787 3557 2949 11285 154 2565 4110 6206 958 208 4 395 324 3802 2904 6908 3970 4543 3175 1460 1884 4119 3047 2556 425 1244 55 23214 3709 4868 45 5436 0 213 23 3332 0 1829 1117 15754 397 4395 0 269 10813 117 19 194 7647 40 514 4290 
526 4090 992 615 36 39249 3833 120 1582 2343 9324 4848 941 90 302 3152 1884 4147 621 655 426 4290 7097 1816 1631 177 5287 3281 1440 57 4 1897 887 2203 5302 23 0 1861 9277 2542 2502 4075 10673 5341 576 3381 454 1087 1951 1200 5778 4833 3328 4828 310 2361 3261 62 151 3024 4640 1563 8005 4299 942 19365 180 1756 32 1791 354 4719 107 951 2876 3222 117 10986 249 1372 420 8376 2517 16127 65 2910 798 257 11 181 1779 2264 48 1437 4680 911 2583 707 92 654 
9140 1788 345 175 10 1141 2815 0 3 2458 984 2310 248 2208 540 4064 1123 4615 9172 4097 7461 1395 1102 6726 994 22889 5216 5572 5764 11962 966 5745 2405 58 501 752 8426 10980 0 2575 127 63 85 930 952 2223 2128 16447 562 309 9601 215 332 914 34 917 256 1310 9406 6575 10828 3319 3022 3276 4178 403 1735 4166 78 6018 1345 53 2228 6646 5814 1450 199 3348 249 1552 148 275 9341 2155 63 57 6670 97 69 7977 933 8505 342 311 151 1598 812 180 0 11607 
2804 253 9413 3070 5545 141 22036 1739 5801 26423 6290 637 9497 2225 7747 23 8239 2114 2171 1011 1063 130 64 1100 2291 1830 978 4772 1108 2774 591 1207 4095 156 2468 3506 30925 6 20479 1516 2258 1099 8 3757 894 114 0 13 7402 1440 577 1265 80 1439 0 34 14 104 181 1024 624 4817 21679 18747 802 15493 1738 296 1448 21819 14 3173 0 726 7 11070 4955 7181 414 130 20 7835 382 864 1302 1278 4497 1960 11331 6735 12587 0 7127 7795 322 818 2340 1939 4417 8299 
3339 5959 256 134 322 3868 2903 8562 4946 4765 10 1089 11915 7228 1975 968 6556 1356 1775 379 8436 19 314 9 22 409 77 0 2652 832 56 452 386 390 277 24 441 160 18949 370 1558 203 10014 88 22 1916 90 1968 2696 496 14295 13799 30 15580 93 204 861 557 2738 452 7313 13 3 812 1158 39 4807 2795 7588 84 3584 369 267 16 1678 38 6769 13870 32 431 1303 228 756 2100 454 93 2329 4024 1259 231 606 199 2303 1 304 13397 1606 6771 1731 3253 
2978 8321 5090 637 2147 6681 8542 80 3879 3676 2239 8529 284 16914 1443 3126 25827 193 16023 212 1529 2213 21 11353 265 2908 7587 6156 11640 6154 2255 2889 9953 6008 778 109 4406 1082 3129 851 931 895 12494 518 11380 246 99 6432 265 3027 5491 33 1684 764 2949 18909 0 16650 2493 1489 7162 19484 0 18687 555 350 1116 2052 477 300 544 42 12504 20 64 19640 0 52 28 2351 4913 4637 719 4 1001 7777 1138 4497 6516 4745 1468 1925 27 434 2851 1402 5471 18935 1746 2 
3092 141 2561 29 11242 2 2637 10271 37 527 1074 11152 231 15821 224 889 3020 13515 9 7590 3925 540 329 20568 21910 158 27 161 1512 3113 1244 566 1014 2863 115 186 5310 353 0 105 14 759 3843 2506 3401 2140 1904 7532 531 1948 2348 90 4963 4750 3596 2310 234 11398 827 1307 19218 11574 573 71 5015 2852 12179 8599 4957 138 654 11264 2193 559 17426 180 846 34 2 8935 257 72 15780 7528 19668 10449 2389 0 3460 200 38250 17615 72 10142 2 9634 3073 6178 26 1535 
8344 1889 6862 16 8348 197 614 23149 167 963 1091 3529 12561 4445 157 6841 923 7346 1740 13369 1 2124 10398 6151 533 1131 23 7602 1422 69 0 8745 8876 6516 72 94 2099 243 94 1457 578 12749 10769 22 8031 948 42 442 13729 4578 2685 2948 24194 14357 37 413 4852 6384 313 8678 2023 54 112 1357 9468 1696 5394 500 923 84 5842 150 2310 1226 22808 774 434 3195 282 1421 1698 128 2538 151 61 253 5245 807 741 2352 86 8368 3080 135 62 1283 660 56 2932 138 
8399 8 58 926 1758 1482 291 4660 1359 3676 2083 274 13081 3 0 9180 1004 3745 242 4145 6376 10953 3127 3206 1573 1925 4008 0 1944 1141 1282 834 570 2857 1825 14 13 75 2441 0 10 408 86 3421 2495 0 814 1210 1026 78 8891 3162 528 51 1504 11097 611 56 7194 9332 172 101 17762 1793 3556 1340 912 4036 578 10015 755 161 6735 77 595 15192 227 147 1881 47 976 6583 15 6106 8411 687 7953 2654 241 390 1458 2631 4898 55 11989 913 62 14104 231 3978 
32 504 2372 0 2 2463 6471 364 9575 99 35 7398 790 13132 0 251 1621 415 159 3641 1984 37 17559 721 198 181 1006 113 150 1766 7586 706 1490 8494 489 22 220 3918 0 4622 1296 27 3 3264 2797 25 2948 1766 28 412 282 456 247 19329 1562 1235 6571 4680 3522 1895 1168 6023 545 227 16176 80 327 712 11501 4545 6062 19106 1161 976 190 828 321 737 1815 1354 4 7500 3621 379 1568 37 72 1678 3 4242 2809 9535 75 6 2232 8679 9623 778 4577 3434 
9262 11115 5626 2982 3988 58 83 487 105 2965 628 732 657 43 6720 18018 2864 1231 8699 6549 8071 210 9714 297 3916 4744 9099 5971 1593 2986 89 5795 137 752 1034 0 1561 17944 2569 109 846 1998 11000 145 37 63 9794 370 126 709 96 15 0 1701 1246 8 76 52 1049 1091 341 5329 2284 3840 3707 13199 109 8319 176 1148 18 613 651 143 8345 3029 3694 12226 32 12413 25 12397 1162 4755 3131 6140 3536 4241 9 72 11193 7968 8595 2446 455 192 1003 11 9514 8563 
1711 617 8198 2308 2668 415 16398 919 16813 10383 70 25344 1880 1648 5377 6518 330 2310 534 15 1095 186 443 2339 13721 0 1976 3477 412 4821 4157 3736 4326 550 50 1246 5160 188 1901 1694 0 3304 4 11384 3 2213 1106 6956 986 531 4621 4710 10454 2562 4 14674 5201 468 3091 3091 643 920 646 2699 5711 9328 2720 4410 112 4193 17604 121 9414 3028 11923 1989 12141 1091 1466 5004 1189 59 95 99 213 4569 2887 2600 983 351 6472 2707 5 4260 49 293 3189 47 4755 222 
3490 1217 149 8523 1619 611 208 0 3887 6204 60 579 7500 1227 12767 1125 4093 7233 18009 69 2082 1465 4033 5014 4384 3808 765 1157 2325 8242 4412 54 934 2968 89 11694 211 20639 4078 14479 221 490 26 7373 564 53 233 21994 71 1770 97 4689 1556 479 1419 5422 5195 232 7189 321 746 8566 112 3 2798 3272 807 175 244 3128 10901 131 1885 5289 1898 114 9396 916 3607 5124 648 41 12953 189 515 6687 1701 274 149 2971 2363 534 2703 5820 7086 200 2632 9167 6322 5285 
6006 4226 3268 3664 4429 6660 22952 9921 386 3854 11 6580 11810 43 1977 1265 105 3478 1189 2399 0 5 3 4655 360 503 4604 181 790 4912 4640 250 2571 28 1564 858 8016 7776 0 41 123 6 1183 337 182 404 794 18200 90 7973 6543 3245 12371 20070 675 9098 211 2236 4646 902 5525 3017 888 0 6411 1 1078 18 11078 93 268 4511 3404 3 2164 1074 229 1342 6500 183 9 5244 0 1518 2411 149 12784 8244 12829 3620 16951 15517 4108 522 2172 11760 1463 5719 1271 13527 
4091 1405 2002 47 792 669 2022 204 10819 6650 1174 162 348 10 5118 1103 86 9642 6061 4 3468 4 9391 3611 400 835 6 9177 93 3139 581 6226 3896 3263 313 0 2479 389 342 3889 4 585 2071 14173 14871 7852 8970 4802 5398 1702 499 2019 2275 173 6387 249 581 3174 2009 5 5954 7993 2916 8154 68 1608 371 7065 11476 491 30 14025 911 2 7263 1546 313 133 3093 18107 1172 15209 2122 4018 825 738 3349 1655 4998 4370 11323 139 482 2 18472 41 10619 13837 932 2359 
767 4042 4563 3503 335 26430 398 2564 4741 426 340 5565 393 1341 41 18435 12318 1122 635 11606 2171 10571 2 1637 2275 1561 231 1875 1548 4126 435 1909 0 75 98 8 1486 6 47 1273 13 8861 11704 10360 501 852 2481 13 2259 1289 880 719 8624 6177 1150 3167 107 2602 7989 1038 22 18 5447 4 48 1081 5633 549 356 7 1240 205 249 13 5049 156 911 41 11829 4142 359 0 1787 4613 4943 856 1206 466 985 4208 3591 5691 5301 0 3281 805 21387 1492 768 1152 
5481 1487 3075 9939 496 466 8796 608 1551 15908 462 257 10109 1932 461 12010 1872 70 891 9122 464 3097 3755 1010 4981 939 7793 6342 2194 895 727 293 66 361 20 4053 1480 3225 73 9205 1132 0 12308 1025 7908 13858 145 1362 1490 24 3476 7362 750 6524 21 3205 7790 127 1722 2737 771 10 0 103 13422 3183 112 12136 160 682 2262 16594 5654 558 333 1132 197 37732 6293 14 3148 1362 742 5900 8459 643 620 2355 5317 281 1694 4353 6528 408 79 898 379 277 6828 819 
9650 5429 1954 1258 11288 6118 881 7197 1672 5650 8092 13 127 148 12094 1226 9511 76 0 2592 6859 1762 2790 3272 1398 94 4329 3408 3943 4037 10949 817 989 8261 95 261 331 216 752 78 9016 251 134 17313 6158 535 2305 144 2918 4077 127 1038 5740 4104 710 1112 37 1764 6 1639 5443 55 1230 118 4230 1071 4164 1294 65 11071 517 6885 194 11497 10625 6519 133 14041 624 1015 3046 23 5708 2340 5797 14 7396 1031 2942 2883 16047 1952 1628 2355 331 591 1102 10715 8460 6940 
17127 928 591 1937 6649 857 864 8 469 887 74 977 919 935 568 173 1580 9 1995 1093 1432 12850 14 0 5945 2587 4259 4327 964 2619 18972 66 9993 14481 3093 6142 5992 10714 66 122 6452 440 4500 2038 10454 1836 1851 344 1068 2524 103 3028 361 7605 3645 868 1187 3961 780 68 4035 64 3475 5770 852 700 2764 2410 12 191 584 14030 716 2944 257 745 203 1844 4867 3037 73 1384 4672 38 1795 3092 636 270 4867 138 483 3138 44 4572 1668 4857 4 3103 5167 0 
272 6811 5705 10973 2985 9590 764 218 1622 528 9479 3040 2723 60 138 1260 1084 103 1527 892 66 4170 1 10551 5417 6957 6886 1004 3753 157 11271 5771 320 2952 0 2873 390 4925 557 293 8916 1069 4300 80 0 2454 365 46 143 875 519 3802 21102 8536 15236 199 1977 1357 7800 0 0 1256 3782 13044 4258 353 32709 6028 1259 6521 9521 12964 2674 5706 54 902 2268 0 29505 0 3889 5228 9987 6 6175 26 3113 815 2320 527 5560 872 16326 8961 271 389 57 9658 257 1472 
949 21 2282 1613 6358 549 5 740 545 3400 2 51 293 2120 223 5282 7 574 9089 1 6500 6642 1276 16983 6363 19115 82 3948 3330 9351 1826 10498 4873 7920 591 4409 11942 2486 81 11563 923 1150 10782 9084 7354 3050 7542 947 1684 473 1562 592 95 7037 13 6464 1475 5787 427 642 308 104 11167 2218 551 14 1455 11 2772 6015 214 2451 4221 2162 1 142 250 7 2889 4916 2519 690 98 2671 592 10692 11203 867 194 424 20699 1093 4 3925 0 7299 13 673 9927 17794 
4193 7223 47711 3328 2922 400 1759 1286 4270 1232 9928 3855 10159 5820 1204 13085 2340 16273 14373 2425 81 16988 949 2222 5695 191 2586 0 32 8014 231 220 9181 1670 1796 18467 9109 12265 2877 185 217 1570 85 821 2172 912 8440 395 3599 128 10 2011 24 10505 9172 703 3996 1221 1535 6697 463 8550 3252 2099 1334 7822 4234 18 458 1098 2105 600 32 9562 4702 1122 5343 118 5754 194 21 3917 4108 3595 794 9133 3265 1445 5710 6986 7684 1047 710 4 19 3849 1049 32 5106 2843 
7522 72 3477 1010 3468 10779 4006 285 2637 323 1516 1569 730 15 7824 2640 5115 9 3090 27674 2444 9043 2847 650 2878 2302 889 4671 1435 15 1650 1535 7348 916 12625 146 215 239 3358 4277 160 629 3560 1141 3289 2234 4192 6957 12485 1424 2297 2358 1270 232 3333 1345 12996 6661 2953 169 18728 369 6618 8439 8415 0 1315 1001 1075 17038 5873 6361 114 210 788 7010 1110 177 6782 2962 2933 175 6 18018 4066 13713 6456 12193 733 528 18072 38 7028 5154 17 3465 887 1889 5975 43 
1946 1994 2532 9229 16 4542 1431 7712 2693 11352 82 5265 4907 2437 609 2 7923 321 2438 671 41 8 3928 632 323 593 16663 78 3837 8168 592 1438 8473 406 136 423 6058 488 4000 6764 10054 623 3555 324 755 0 463 7128 1621 2490 11 1095 1348 8673 1706 13527 16892 196 8116 623 2403 1858 3426 5 803 5053 1079 346 1114 71 6 947 47 13734 1620 26 3346 1110 8339 2617 3697 19 59 12 2973 490 4894 1281 990 3133 273 26212 23068 1970 10090 691 3967 12314 7624 983 
295 540 11501 56 4779 3023 9682 4305 1078 342 8786 9301 3103 351 1783 407 367 11 3256 2441 1252 4118 16834 26 13800 16096 2 10753 19105 592 196 5173 2 7801 160 32314 191 2362 272 9572 2184 938 2352 26458 3323 4359 18420 5242 3527 4246 641 944 2026 1094 844 354 133 240 290 3190 384 5590 703 5022 168 21823 353 7494 11 26 1286 7370 7 1254 263 51 1133 1191 7616 76 1121 3047 1529 0 1036 595 7197 0 6819 6898 10968 3493 1449 2135 931 98 14882 961 280 3801 
2081 185 151 7402 1516 11277 2722 26 237 8374 2148 6438 129 15072 593 2147 19983 4047 2594 258 3594 4648 916 23 47 1878 900 274 12 11943 461 4813 6315 279 8735 3038 12409 1726 50 8445 1 9204 21560 3567 15 11002 3529 3759 49 42 6572 1328 179 66 10202 971 3371 4703 3045 1048 6603 6363 263 205 1596 2099 2240 387 23397 3840 3 19 3265 1943 571 5457 94 5899 213 504 6354 139 5676 2745 3362 16572 4333 8337 1481 9527 864 8 12671 10814 236 30661 7909 3530 1117 1722 
241 7180 396 213 2911 4554 10387 459 12898 2738 2891 22 471 266 1516 2231 4358 5973 1183 5868 7628 441 2387 1103 1028 1413 3325 2351 17496 0 6178 3134 22 320 3433 3153 1635 4602 2392 10675 9 5267 8630 7671 1823 4609 879 2636 910 521 5493 8227 20 607 8672 3906 8 859 16377 68 642 8 7296 5402 811 199 14 740 1574 6494 3119 668 19088 547 10146 6834 12784 0 3550 2165 4030 124 803 4145 388 29306 1271 2967 2295 944 340 925 35 5670 205 3759 13 1098 1541 54 
105 3417 2962 3067 1710 3871 5862 14416 9292 11 1063 674 4379 7922 11988 1290 8786 5420 1767 22253 2801 3021 38 173 962 12534 22467 18568 2067 161 21 1278 10856 1865 249 68 3285 15989 1914 1324 344 16440 700 13245 7427 66 2514 1016 23281 40 1961 7877 11702 9590 195 158 5078 12412 1 74 12401 20943 17810 798 13602 457 21 174 684 57 5355 250 317 80 6 29048 207 12649 12721 7650 4902 8362 0 72 1404 6167 3433 1514 234 525 1307 14376 2611 13275 12417 3123 19235 12980 7500 4572 
22 9905 3361 3856 6165 3 3025 583 675 4567 12059 5507 1311 0 291 958 10971 673 2851 9870 15 395 9122 2048 1526 8482 1358 1025 286 1864 2830 5664 1387 66 1601 1845 1343 1042 2090 27454 370 10833 3653 5123 2372 4609 242 1634 9332 1707 3574 37937 4775 215 2309 6251 220 837 1606 16069 6726 43 4257 1148 8418 4208 15942 4405 1719 7218 1347 3459 4738 2476 7254 127 3393 4641 10786 19462 7777 805 4128 1050 731 3202 62 31 4354 12482 5190 12209 307 2244 8291 4256 881 28 23751 265 
675 44 97 5630 5838 2503 4142 5455 16106 61 894 243 587 204 30457 1875 2224 5313 3651 3464 1217 2 3350 1239 6729 29795 358 604 5486 18644 8224 6990 16552 18 6356 1043 1784 3417 21803 509 384 247 23 50 1926 9817 13006 518 6322 316 713 8801 1711 23 52 5915 3902 62 10325 404 175 7488 1943 11888 125 375 2 150 1621 173 391 4822 1029 306 722 57 487 2016 17370 15291 10063 152 277 2905 245 3041 1541 45 17 12 71 1115 11240 320 1044 1901 3273 11 377 302 
7757 1060 4502 20409 18497 1828 3438 1730 549 27221 5 68 11037 2184 2822 3 19072 1646 0 111 1582 598 30 15473 2801 23 5927 3001 9 2043 8027 5601 3472 10 4456 1118 3274 18 7101 0 6 4634 17408 620 12142 2686 20395 6509 0 4852 2320 10211 3649 10469 469 1447 1348 3185 13804 23 9543 265 1875 2221 4705 1631 10151 50 1654 188 583 4030 1634 1669 4456 97 3827 37 7246 5424 25240 176 357 24166 1 2 803 15808 35624 5322 739 6919 582 1196 10074 6385 27955 1043 13846 663 
262 1773 2739 1316 8192 2612 4673 576 18118 1410 10707 20773 9157 7 3658 4424 3758 4075 9862 39773 2460 7612 2162 11267 1220 5074 999 8937 3373 1727 859 7319 11603 10200 317 3095 176 3159 18197 9843 1109 10101 2593 6431 3496 46 1593 23 0 364 114 935 11896 913 4327 2117 904 285 88 2377 51 259 3723 2669 664 16551 31 6341 7064 13030 3861 2 3028 5408 25477 25 211 2439 218 1446 5705 195 55 2603 4861 0 0 89 2054 155 9725 338 8014 169 55 57 19541 9810 2635 547 
4 0 44 14967 130 8338 98 10450 533 3803 86 2619 4025 604 645 1205 5826 5239 9 677 1203 194 2254 12125 50 776 5383 1414 2444 10095 2347 10668 11086 1622 349 3667 7629 4600 9691 3463 1770 6514 47 2279 1708 2554 17010 2171 9970 296 1349 6029 3 2455 4498 3119 1698 2269 7974 1023 10457 7749 64 2356 503 1784 10313 1642 15285 794 4666 1103 6743 36 12337 137 128 30357 4921 6433 3024 7561 12935 529 120 18870 167 3288 5645 3937 73 5013 1190 11181 1313 789 4493 13035 13419 7 
18376 656 35 4945 3216 401 2754 6436 31 2325 21191 3404 8735 1102 5709 8996 5810 0 19563 1105 898 1945 10 897 8040 7466 7645 512 1060 258 235 3149 106 6741 1363 16528 250 1138 1266 20720 0 2011 231 7674 0 4401 1315 1241 4632 7654 4083 6679 5625 6522 5577 6623 981 12453 244 281 7 12277 5699 3507 23116 3123 5622 4974 6384 2945 1511 27 145 5019 3650 2655 8643 18370 6261 4965 9499 77 12466 3192 391 1883 104 9010 10746 19789 10407 2001 3394 1145 9587 13951 1465 4306 3202 9528 
2990 7907 15598 1928 57 1852 5658 3491 9908 701 147 20956 995 76 2653 465 9526 626 6110 74 2529 3 0 18765 14959 7164 34904 8032 9588 2287 9795 18061 212 31511 4378 666 120 3379 27906 10542 2543 7018 2754 6878 8010 2104 307 257 1396 12127 353 3581 11803 1736 22110 875 4130 3393 5371 1429 1011 8947 9870 7 1544 10305 329 220 1052 59 1007 1108 17334 3899 14647 2935 265 377 18733 8410 16395 4160 6893 16575 368 3992 5950 36584 760 4578 7 1544 68 1791 1 1774 532 6845 53 10023 
1213 683 1485 1415 6288 957 2594 7714 425 413 7295 161 7025 132 1555 15633 6388 74 676 21690 102 1855 3089 7826 18182 6503 1369 5503 5389 303 179 3 4581 12703 3003 25842 40 2462 2997 2 1834 17746 1848 1027 116 4 3855 1008 3109 2958 29979 104 863 7994 12 110 773 3455 726 3467 7149 581 5648 5622 2672 1469 203 34522 8633 3150 1756 4990 1553 186 33349 1168 21552 178 803 800 8278 235 5031 17217 2954 0 3598 1510 189 40 1658 4481 4244 9409 4769 5228 15797 7589 0 65 
19 1200 5228 2249 578 750 4394 3535 27 443 16 3565 92 251 2030 100 6604 154 46954 8783 623 503 16061 4 4042 3832 385 753 17946 17646 20753 1713 1987 7471 1044 5033 309 1736 2916 505 1908 10691 24152 6056 14 124 5824 7818 5775 5372 1258 50 6600 10866 2623 155 3972 4356 537 3995 7 110 2419 14741 24008 0 193 13758 10233 5292 14368 91 6165 396 2375 8384 18262 10 1442 3353 6383 4440 185 3904 20002 8111 3271 17327 9288 4600 10310 7988 518 144 1065 1055 3466 3931 1080 25669 
1728 3779 7866 1071 3873 1093 865 7368 733 283 1232 54 1927 19450 9 2493 943 2479 6204 2997 151 2517 11266 33 2248 3247 561 0 19940 437 1282 8052 14093 8187 2601 1346 1493 8109 13851 720 640 663 12153 182 5085 16 814 5621 2817 22861 1792 363 6811 24576 0 876 15062 130 147 303 30 6903 105 5803 1965 1880 566 1098 216 70 951 84 17 7601 894 748 189 4940 8731 45 771 4192 17 3805 1379 290 73 12 21429 1091 129 586 3962 36388 192 2896 617 1570 2831 8811 
6713 10037 409 1675 7348 585 4298 5502 7271 4 3121 5456 1095 3561 16 23583 8023 25885 54 10985 8418 109 3305 174 6849 5284 672 277 212 6110 2225 41 1436 1412 18958 1230 64 1224 837 279 342 24810 504 11033 1829 1067 18898 12500 14 2595 20072 220 28618 15466 1907 24639 1236 16404 2527 11016 6473 1837 518 0 17112 2719 0 4134 812 2240 957 420 5278 4973 4525 13531 14459 809 9639 8764 39 151 446 5625 1646 317 2453 2973 8120 4145 1689 4418 230 19 1452 4776 328 11092 21471 2657 
1365 9119 1 3340 1302 2010 3576 5850 2503 1226 10074 28983 7477 3 851 0 1977 6 169 13280 20 6615 6657 2 1443 11 1590 12571 152 19884 952 4617 8290 12386 5235 1251 188 15288 5729 173 15789 28015 3869 1086 1691 3213 4161 534 47631 29118 5126 9746 7352 9802 1056 25221 399 16706 24 682 1937 2578 4515 2702 10276 2522 4571 12114 2359 4897 192 3495 1185 201 3309 584 935 5623 8652 37 5513 10086 7818 464 4312 3031 45356 16126 12360 160 254 3639 277 5724 9792 821 610 389 293 4071 
1161 207 4303 11357 5795 25977 5752 9077 319 668 4266 41886 6833 1879 9717 4700 45468 2902 21457 39 2335 683 28804 528 172 4171 1732 14844 839 2513 1672 867 3142 734 3788 447 6824 5168 20577 19951 1678 39 849 3332 7585 12727 470 147 3177 773 15051 3181 3734 16 9276 7307 1053 978 384 311 5252 12873 5 21104 33956 2032 5292 1065 1026 344 3895 18814 1193 7254 10671 4495 77614 22611 5980 41 4984 17982 136 2096 3522 2435 6102 61 6965 9420 1 5038 4614 905 21140 2043 774 25360 1787 3099 
13724 4463 642 191 3395 716 1415 476 20008 3636 846 2032 43 2120 2840 902 24867 2485 3609 1953 2711 4198 7895 44 10497 3458 48 1075 6746 23189 235 2867 723 1512 198 297 1094 47 2900 66 0 209 69 2120 74 682 1441 1638 6780 677 3476 341 1856 316 469 28526 1015 6826 5172 5048 19594 4599 2245 105 43 1398 91 5251 149 48777 3242 487 3725 840 20990 151 1977 2130 5650 26951 190 230 1294 1188 9013 4960 479 69 17739 708 3889 1928 13140 1290 2031 572 116 4553 278 409 
54 3715 74 2366 5400 25820 4 3120 7239 6326 14166 20275 5595 9606 12824 4242 9988 7630 10 1276 28072 2130 14802 6 16883 3663 11491 13600 7835 1509 11 2383 3150 992 197 8352 4006 1456 3707 1225 447 1359 131 18916 4581 4685 12079 4951 9584 1143 2801 2907 4359 10203 2543 5364 436 16288 7 5968 6872 690 4 0 12607 0 1295 105 9 1352 3 21372 1 77 34 5654 722 2565 3238 1520 201 11302 3714 8134 334 1092 1949 1534 13088 12581 3826 2762 3164 5414 517 337 16862 27048 6928 5419 
2468 4840 1078 2542 572 1536 2337 35379 9476 851 395 6171 3323 1407 7912 73 1106 1911 219 81 1797 983 98 1 0 34 9 152 14391 81 1 34 584 11850 1990 10806 5098 10827 8549 22 4056 12713 1597 38078 0 4219 2388 6713 8475 12651 10655 2517 468 0 0 1147 16347 4 468 4 5912 439 8913 1780 1720 15 683 3476 1791 7033 9075 8231 493 5576 502 6398 8526 793 705 12002 5376 444 2450 34098 183 28166 3954 5968 335 7919 282 3152 21 2565 3482 6320 3883 8895 4906 2818 
301 969 30 158 11012 249 44 884 14151 1709 401 1275 79 1661 7443 6397 4390 5410 13 1350 4197 1481 317 215 127 132 1378 3512 4380 2749 9621 18941 3592 71 1198 23653 587 16298 3637 807 13425 5708 11 1234 201 40 1744 1557 346 3167 20037 1137 11927 1245 13163 6274 92 2153 1 16325 11220 1791 9542 1815 9706 8433 14495 487 7887 1283 6652 376 7890 1006 41225 53 4290 15869 9524 346 971 197 576 4845 294 2306 2878 307 0 18129 2596 1091 9576 1144 2942 1350 9220 18 1173 1175 
